Algorithm,Bom,Nodes,AttemptNr,Status,Time,Makespan,Iterations
InstanceUpperBound,bom_deep_7_3_15_5_No1_p70_ao98_am15_1,98,1,SATISFIED,0.0033,1096735446.0,1
InstanceUpperBound,bom_deep_7_3_15_5_No1_p70_ao98_am15_1_m12_ao98_am12_1,98,1,SATISFIED,0.0032,1251810474.0,1
InstanceUpperBound,bom_deep_7_3_15_5_No1_p70_ao98_am15_1_m12_ao98_am12_2,98,1,SATISFIED,0.0034,1069153960.0,1
InstanceUpperBound,bom_deep_7_3_15_5_No1_p70_ao98_am15_1_m12_ao98_am12_3,98,1,SATISFIED,0.0032,1430932917.0,1
InstanceUpperBound,bom_deep_7_3_15_5_No1_p70_ao98_am15_1_m12_ao98_am12_4,98,1,SATISFIED,0.003,1005923829.0,1
InstanceUpperBound,bom_deep_7_3_15_5_No1_p70_ao98_am15_1_m12_ao98_am12_5,98,1,SATISFIED,0.003,952808220.0,1
InstanceUpperBound,bom_deep_7_3_15_5_No1_p70_ao98_am15_1_m25_ao98_am25_1,98,1,SATISFIED,0.003,1395051922.0,1
InstanceUpperBound,bom_deep_7_3_15_5_No1_p70_ao98_am15_1_m25_ao98_am25_2,98,1,SATISFIED,0.0029,1559137485.0,1
InstanceUpperBound,bom_deep_7_3_15_5_No1_p70_ao98_am15_1_m25_ao98_am25_3,98,1,SATISFIED,0.0032,990440460.0,1
InstanceUpperBound,bom_deep_7_3_15_5_No1_p70_ao98_am15_1_m25_ao98_am25_4,98,1,SATISFIED,0.0029,808605858.0,1
InstanceUpperBound,bom_deep_7_3_15_5_No1_p70_ao98_am15_1_m25_ao98_am25_5,98,1,SATISFIED,0.0029,1948517460.0,1
InstanceUpperBound,bom_deep_7_3_15_5_No1_p70_ao98_am15_2,98,1,SATISFIED,0.0028,991243344.0,1
InstanceUpperBound,bom_deep_7_3_15_5_No1_p70_ao98_am15_2_m12_ao98_am12_1,98,1,SATISFIED,0.0028,1659293588.0,1
InstanceUpperBound,bom_deep_7_3_15_5_No1_p70_ao98_am15_2_m12_ao98_am12_2,98,1,SATISFIED,0.0028,1236091854.0,1
InstanceUpperBound,bom_deep_7_3_15_5_No1_p70_ao98_am15_2_m12_ao98_am12_3,98,1,SATISFIED,0.0029,1242720711.0,1
InstanceUpperBound,bom_deep_7_3_15_5_No1_p70_ao98_am15_2_m12_ao98_am12_4,98,1,SATISFIED,0.0028,1396678180.0,1
InstanceUpperBound,bom_deep_7_3_15_5_No1_p70_ao98_am15_2_m12_ao98_am12_5,98,1,SATISFIED,0.0026,886692753.0,1
InstanceUpperBound,bom_deep_7_3_15_5_No1_p70_ao98_am15_2_m25_ao98_am24_1,98,1,SATISFIED,0.0026,1871085168.0,1
InstanceUpperBound,bom_deep_7_3_15_5_No1_p70_ao98_am15_2_m25_ao98_am25_2,98,1,SATISFIED,0.0026,2320916043.0,1
InstanceUpperBound,bom_deep_7_3_15_5_No1_p70_ao98_am15_2_m25_ao98_am25_3,98,1,SATISFIED,0.0026,1439788728.0,1
InstanceUpperBound,bom_deep_7_3_15_5_No1_p70_ao98_am15_2_m25_ao98_am25_4,98,1,SATISFIED,0.0025,1661567160.0,1
InstanceUpperBound,bom_deep_7_3_15_5_No1_p70_ao98_am15_2_m25_ao98_am25_5,98,1,SATISFIED,0.0025,957746664.0,1
InstanceUpperBound,bom_deep_7_3_15_5_No1_p70_ao98_am15_3,98,1,SATISFIED,0.0026,1853554458.0,1
InstanceUpperBound,bom_deep_7_3_15_5_No1_p70_ao98_am15_3_m12_ao98_am12_1,98,1,SATISFIED,0.0023,1985816956.0,1
InstanceUpperBound,bom_deep_7_3_15_5_No1_p70_ao98_am15_3_m12_ao98_am12_2,98,1,SATISFIED,0.0024,2282421540.0,1
InstanceUpperBound,bom_deep_7_3_15_5_No1_p70_ao98_am15_3_m12_ao98_am12_3,98,1,SATISFIED,0.0023,1414309257.0,1
InstanceUpperBound,bom_deep_7_3_15_5_No1_p70_ao98_am15_3_m12_ao98_am12_4,98,1,SATISFIED,0.0024,2775342702.0,1
InstanceUpperBound,bom_deep_7_3_15_5_No1_p70_ao98_am15_3_m12_ao98_am12_5,98,1,SATISFIED,0.0024,2474156822.0,1
InstanceUpperBound,bom_deep_7_3_15_5_No1_p70_ao98_am15_3_m25_ao98_am23_3,98,1,SATISFIED,0.0025,3433634805.0,1
InstanceUpperBound,bom_deep_7_3_15_5_No1_p70_ao98_am15_3_m25_ao98_am25_1,98,1,SATISFIED,0.0025,2189079478.0,1
InstanceUpperBound,bom_deep_7_3_15_5_No1_p70_ao98_am15_3_m25_ao98_am25_2,98,1,SATISFIED,0.0025,2959631220.0,1
InstanceUpperBound,bom_deep_7_3_15_5_No1_p70_ao98_am15_3_m25_ao98_am25_4,98,1,SATISFIED,0.0025,3113330157.0,1
InstanceUpperBound,bom_deep_7_3_15_5_No1_p70_ao98_am15_3_m25_ao98_am25_5,98,1,SATISFIED,0.0025,1364355804.0,1
InstanceUpperBound,bom_deep_7_3_15_5_No1_p70_ao98_am15_4,98,1,SATISFIED,0.0024,1276198050.0,1
InstanceUpperBound,bom_deep_7_3_15_5_No1_p70_ao98_am15_4_m12_ao98_am12_1,98,1,SATISFIED,0.0024,1883282010.0,1
InstanceUpperBound,bom_deep_7_3_15_5_No1_p70_ao98_am15_4_m12_ao98_am12_2,98,1,SATISFIED,0.0024,1296657984.0,1
InstanceUpperBound,bom_deep_7_3_15_5_No1_p70_ao98_am15_4_m12_ao98_am12_3,98,1,SATISFIED,0.0024,1343185284.0,1
InstanceUpperBound,bom_deep_7_3_15_5_No1_p70_ao98_am15_4_m12_ao98_am12_4,98,1,SATISFIED,0.0025,1795654520.0,1
InstanceUpperBound,bom_deep_7_3_15_5_No1_p70_ao98_am15_4_m12_ao98_am12_5,98,1,SATISFIED,0.0024,2621394969.0,1
InstanceUpperBound,bom_deep_7_3_15_5_No1_p70_ao98_am15_4_m25_ao98_am25_1,98,1,SATISFIED,0.0025,2049319266.0,1
InstanceUpperBound,bom_deep_7_3_15_5_No1_p70_ao98_am15_4_m25_ao98_am25_2,98,1,SATISFIED,0.0025,1717165368.0,1
InstanceUpperBound,bom_deep_7_3_15_5_No1_p70_ao98_am15_4_m25_ao98_am25_3,98,1,SATISFIED,0.0025,3221894526.0,1
InstanceUpperBound,bom_deep_7_3_15_5_No1_p70_ao98_am15_4_m25_ao98_am25_4,98,1,SATISFIED,0.0024,3209184930.0,1
InstanceUpperBound,bom_deep_7_3_15_5_No1_p70_ao98_am15_4_m25_ao98_am25_5,98,1,SATISFIED,0.0024,2503488477.0,1
InstanceUpperBound,bom_deep_7_3_15_5_No1_p70_ao98_am15_5,98,1,SATISFIED,0.0024,4023416379.0,1
InstanceUpperBound,bom_deep_7_3_15_5_No1_p70_ao98_am15_5_m12_ao98_am12_1,98,1,SATISFIED,0.0024,2897180522.0,1
InstanceUpperBound,bom_deep_7_3_15_5_No1_p70_ao98_am15_5_m12_ao98_am12_2,98,1,SATISFIED,0.0024,3117359029.0,1
InstanceUpperBound,bom_deep_7_3_15_5_No1_p70_ao98_am15_5_m12_ao98_am12_3,98,1,SATISFIED,0.0024,1332779059.0,1
InstanceUpperBound,bom_deep_7_3_15_5_No1_p70_ao98_am15_5_m12_ao98_am12_4,98,1,SATISFIED,0.0025,2773440525.0,1
InstanceUpperBound,bom_deep_7_3_15_5_No1_p70_ao98_am15_5_m12_ao98_am12_5,98,1,SATISFIED,0.0024,3110133000.0,1
InstanceUpperBound,bom_deep_7_3_15_5_No1_p70_ao98_am15_5_m25_ao98_am25_1,98,1,SATISFIED,0.0024,2984339860.0,1
InstanceUpperBound,bom_deep_7_3_15_5_No1_p70_ao98_am15_5_m25_ao98_am25_2,98,1,SATISFIED,0.0025,1525075750.0,1
InstanceUpperBound,bom_deep_7_3_15_5_No1_p70_ao98_am15_5_m25_ao98_am25_3,98,1,SATISFIED,0.0024,1181392689.0,1
InstanceUpperBound,bom_deep_7_3_15_5_No1_p70_ao98_am15_5_m25_ao98_am25_4,98,1,SATISFIED,0.0024,1808456536.0,1
InstanceUpperBound,bom_deep_7_3_15_5_No1_p70_ao98_am15_5_m25_ao98_am25_5,98,1,SATISFIED,0.0024,4543512126.0,1
InstanceUpperBound,bom_deep_7_3_15_5_No1_p80_ao104_am15_1,104,1,SATISFIED,0.0026,1875936966.0,1
InstanceUpperBound,bom_deep_7_3_15_5_No1_p80_ao104_am15_1_m17_ao104_am16_1,104,1,SATISFIED,0.0026,1508767590.0,1
InstanceUpperBound,bom_deep_7_3_15_5_No1_p80_ao104_am15_1_m17_ao104_am16_2,104,1,SATISFIED,0.0026,645262896.0,1
InstanceUpperBound,bom_deep_7_3_15_5_No1_p80_ao104_am15_1_m17_ao104_am16_5,104,1,SATISFIED,0.0027,1919957520.0,1
InstanceUpperBound,bom_deep_7_3_15_5_No1_p80_ao104_am15_1_m17_ao104_am17_3,104,1,SATISFIED,0.0026,883371174.0,1
InstanceUpperBound,bom_deep_7_3_15_5_No1_p80_ao104_am15_1_m17_ao104_am17_4,104,1,SATISFIED,0.0026,967468350.0,1
InstanceUpperBound,bom_deep_7_3_15_5_No1_p80_ao104_am15_1_m45_ao104_am43_3,104,1,SATISFIED,0.0027,2698091745.0,1
InstanceUpperBound,bom_deep_7_3_15_5_No1_p80_ao104_am15_1_m45_ao104_am45_1,104,1,SATISFIED,0.0027,2259922482.0,1
InstanceUpperBound,bom_deep_7_3_15_5_No1_p80_ao104_am15_1_m45_ao104_am45_2,104,1,SATISFIED,0.0027,1644680680.0,1
InstanceUpperBound,bom_deep_7_3_15_5_No1_p80_ao104_am15_1_m45_ao104_am45_4,104,1,SATISFIED,0.0027,2723747556.0,1
InstanceUpperBound,bom_deep_7_3_15_5_No1_p80_ao104_am15_1_m45_ao104_am45_5,104,1,SATISFIED,0.0027,2060773404.0,1
InstanceUpperBound,bom_deep_7_3_15_5_No1_p80_ao104_am15_2,104,1,SATISFIED,0.0026,1815939600.0,1
InstanceUpperBound,bom_deep_7_3_15_5_No1_p80_ao104_am15_2_m17_ao104_am15_1,104,1,SATISFIED,0.0026,1317649164.0,1
InstanceUpperBound,bom_deep_7_3_15_5_No1_p80_ao104_am15_2_m17_ao104_am16_3,104,1,SATISFIED,0.0026,2144219400.0,1
InstanceUpperBound,bom_deep_7_3_15_5_No1_p80_ao104_am15_2_m17_ao104_am17_2,104,1,SATISFIED,0.0026,2038728702.0,1
InstanceUpperBound,bom_deep_7_3_15_5_No1_p80_ao104_am15_2_m17_ao104_am17_4,104,1,SATISFIED,0.0026,2396878482.0,1
InstanceUpperBound,bom_deep_7_3_15_5_No1_p80_ao104_am15_2_m17_ao104_am17_5,104,1,SATISFIED,0.0026,2261858031.0,1
InstanceUpperBound,bom_deep_7_3_15_5_No1_p80_ao104_am15_2_m45_ao104_am44_4,104,1,SATISFIED,0.0027,787869024.0,1
InstanceUpperBound,bom_deep_7_3_15_5_No1_p80_ao104_am15_2_m45_ao104_am45_1,104,1,SATISFIED,0.0029,1720861044.0,1
InstanceUpperBound,bom_deep_7_3_15_5_No1_p80_ao104_am15_2_m45_ao104_am45_2,104,1,SATISFIED,0.0027,1064478336.0,1
InstanceUpperBound,bom_deep_7_3_15_5_No1_p80_ao104_am15_2_m45_ao104_am45_3,104,1,SATISFIED,0.0026,855713403.0,1
InstanceUpperBound,bom_deep_7_3_15_5_No1_p80_ao104_am15_2_m45_ao104_am45_5,104,1,SATISFIED,0.0027,2365024461.0,1
InstanceUpperBound,bom_deep_7_3_15_5_No1_p80_ao104_am15_3,104,1,SATISFIED,0.0026,2039204358.0,1
InstanceUpperBound,bom_deep_7_3_15_5_No1_p80_ao104_am15_3_m17_ao104_am16_2,104,1,SATISFIED,0.0026,1246128336.0,1
InstanceUpperBound,bom_deep_7_3_15_5_No1_p80_ao104_am15_3_m17_ao104_am16_5,104,1,SATISFIED,0.0026,1139959560.0,1
InstanceUpperBound,bom_deep_7_3_15_5_No1_p80_ao104_am15_3_m17_ao104_am17_1,104,1,SATISFIED,0.0026,1921106614.0,1
InstanceUpperBound,bom_deep_7_3_15_5_No1_p80_ao104_am15_3_m17_ao104_am17_3,104,1,SATISFIED,0.0026,3016575648.0,1
InstanceUpperBound,bom_deep_7_3_15_5_No1_p80_ao104_am15_3_m17_ao104_am17_4,104,1,SATISFIED,0.0026,1043625000.0,1
InstanceUpperBound,bom_deep_7_3_15_5_No1_p80_ao104_am15_3_m45_ao104_am44_2,104,1,SATISFIED,0.0027,2701806081.0,1
InstanceUpperBound,bom_deep_7_3_15_5_No1_p80_ao104_am15_3_m45_ao104_am44_3,104,1,SATISFIED,0.0026,2424212492.0,1
InstanceUpperBound,bom_deep_7_3_15_5_No1_p80_ao104_am15_3_m45_ao104_am45_1,104,1,SATISFIED,0.0027,2443921688.0,1
InstanceUpperBound,bom_deep_7_3_15_5_No1_p80_ao104_am15_3_m45_ao104_am45_4,104,1,SATISFIED,0.0027,3906984336.0,1
InstanceUpperBound,bom_deep_7_3_15_5_No1_p80_ao104_am15_3_m45_ao104_am45_5,104,1,SATISFIED,0.0027,3914259806.0,1
InstanceUpperBound,bom_deep_7_3_15_5_No1_p80_ao104_am15_4,104,1,SATISFIED,0.0027,835830816.0,1
InstanceUpperBound,bom_deep_7_3_15_5_No1_p80_ao104_am15_4_m17_ao104_am17_1,104,1,SATISFIED,0.0026,1395654836.0,1
InstanceUpperBound,bom_deep_7_3_15_5_No1_p80_ao104_am15_4_m17_ao104_am17_2,104,1,SATISFIED,0.0026,755498910.0,1
InstanceUpperBound,bom_deep_7_3_15_5_No1_p80_ao104_am15_4_m17_ao104_am17_3,104,1,SATISFIED,0.0026,2094337708.0,1
InstanceUpperBound,bom_deep_7_3_15_5_No1_p80_ao104_am15_4_m17_ao104_am17_4,104,1,SATISFIED,0.0026,2349347133.0,1
InstanceUpperBound,bom_deep_7_3_15_5_No1_p80_ao104_am15_4_m17_ao104_am17_5,104,1,SATISFIED,0.0026,511321201.0,1
InstanceUpperBound,bom_deep_7_3_15_5_No1_p80_ao104_am15_4_m45_ao104_am45_1,104,1,SATISFIED,0.0027,2343519826.0,1
InstanceUpperBound,bom_deep_7_3_15_5_No1_p80_ao104_am15_4_m45_ao104_am45_2,104,1,SATISFIED,0.0027,2387689290.0,1
InstanceUpperBound,bom_deep_7_3_15_5_No1_p80_ao104_am15_4_m45_ao104_am45_3,104,1,SATISFIED,0.0027,728575637.0,1
InstanceUpperBound,bom_deep_7_3_15_5_No1_p80_ao104_am15_4_m45_ao104_am45_4,104,1,SATISFIED,0.0028,1897087323.0,1
InstanceUpperBound,bom_deep_7_3_15_5_No1_p80_ao104_am15_4_m45_ao104_am45_5,104,1,SATISFIED,0.0028,3394363080.0,1
InstanceUpperBound,bom_deep_7_3_15_5_No1_p80_ao104_am15_5,104,1,SATISFIED,0.0026,670711080.0,1
InstanceUpperBound,bom_deep_7_3_15_5_No1_p80_ao104_am15_5_m17_ao104_am17_1,104,1,SATISFIED,0.0026,1872770418.0,1
InstanceUpperBound,bom_deep_7_3_15_5_No1_p80_ao104_am15_5_m17_ao104_am17_2,104,1,SATISFIED,0.0026,3064043244.0,1
InstanceUpperBound,bom_deep_7_3_15_5_No1_p80_ao104_am15_5_m17_ao104_am17_3,104,1,SATISFIED,0.0026,944791125.0,1
InstanceUpperBound,bom_deep_7_3_15_5_No1_p80_ao104_am15_5_m17_ao104_am17_4,104,1,SATISFIED,0.0026,662698188.0,1
InstanceUpperBound,bom_deep_7_3_15_5_No1_p80_ao104_am15_5_m17_ao104_am17_5,104,1,SATISFIED,0.0026,1967855448.0,1
InstanceUpperBound,bom_deep_7_3_15_5_No1_p80_ao104_am15_5_m45_ao104_am44_1,104,1,SATISFIED,0.0027,2181642054.0,1
InstanceUpperBound,bom_deep_7_3_15_5_No1_p80_ao104_am15_5_m45_ao104_am44_3,104,1,SATISFIED,0.0027,1241767692.0,1
InstanceUpperBound,bom_deep_7_3_15_5_No1_p80_ao104_am15_5_m45_ao104_am45_2,104,1,SATISFIED,0.0027,3056027715.0,1
InstanceUpperBound,bom_deep_7_3_15_5_No1_p80_ao104_am15_5_m45_ao104_am45_4,104,1,SATISFIED,0.0027,1918796808.0,1
InstanceUpperBound,bom_deep_7_3_15_5_No1_p80_ao104_am15_5_m45_ao104_am45_5,104,1,SATISFIED,0.0027,2738130507.0,1
letsa-min,bom_deep_7_3_15_5_No1_p70_ao98_am15_1,98,1,SATISFIED,0.0594,151372170.0,1
letsa-min,bom_deep_7_3_15_5_No1_p70_ao98_am15_1_m12_ao98_am12_1,98,1,SATISFIED,0.0587,157843836.0,1
letsa-min,bom_deep_7_3_15_5_No1_p70_ao98_am15_1_m12_ao98_am12_2,98,1,SATISFIED,0.0568,131612695.0,1
letsa-min,bom_deep_7_3_15_5_No1_p70_ao98_am15_1_m12_ao98_am12_3,98,1,SATISFIED,0.0586,138313782.0,1
letsa-min,bom_deep_7_3_15_5_No1_p70_ao98_am15_1_m12_ao98_am12_4,98,1,SATISFIED,0.0599,107661131.0,1
letsa-min,bom_deep_7_3_15_5_No1_p70_ao98_am15_1_m12_ao98_am12_5,98,1,SATISFIED,0.0612,156882036.0,1
letsa-min,bom_deep_7_3_15_5_No1_p70_ao98_am15_1_m25_ao98_am25_1,98,1,SATISFIED,0.0598,127757448.0,1
letsa-min,bom_deep_7_3_15_5_No1_p70_ao98_am15_1_m25_ao98_am25_2,98,1,SATISFIED,0.0618,131292900.0,1
letsa-min,bom_deep_7_3_15_5_No1_p70_ao98_am15_1_m25_ao98_am25_3,98,1,SATISFIED,0.0614,148113660.0,1
letsa-min,bom_deep_7_3_15_5_No1_p70_ao98_am15_1_m25_ao98_am25_4,98,1,SATISFIED,0.0599,79683996.0,1
letsa-min,bom_deep_7_3_15_5_No1_p70_ao98_am15_1_m25_ao98_am25_5,98,1,SATISFIED,0.0626,196334535.0,1
letsa-min,bom_deep_7_3_15_5_No1_p70_ao98_am15_2,98,1,SATISFIED,0.0629,148780440.0,1
letsa-min,bom_deep_7_3_15_5_No1_p70_ao98_am15_2_m12_ao98_am12_1,98,1,UNSATISFIED,0.0189,-1.0,1
letsa-min,bom_deep_7_3_15_5_No1_p70_ao98_am15_2_m12_ao98_am12_2,98,1,SATISFIED,0.0585,135343272.0,1
letsa-min,bom_deep_7_3_15_5_No1_p70_ao98_am15_2_m12_ao98_am12_3,98,1,SATISFIED,0.0653,115466534.0,1
letsa-min,bom_deep_7_3_15_5_No1_p70_ao98_am15_2_m12_ao98_am12_4,98,1,SATISFIED,0.0624,179077792.0,1
letsa-min,bom_deep_7_3_15_5_No1_p70_ao98_am15_2_m12_ao98_am12_5,98,1,SATISFIED,0.0619,134197219.0,1
letsa-min,bom_deep_7_3_15_5_No1_p70_ao98_am15_2_m25_ao98_am24_1,98,1,SATISFIED,0.0611,226185666.0,1
letsa-min,bom_deep_7_3_15_5_No1_p70_ao98_am15_2_m25_ao98_am25_2,98,1,SATISFIED,0.062,277972344.0,1
letsa-min,bom_deep_7_3_15_5_No1_p70_ao98_am15_2_m25_ao98_am25_3,98,1,SATISFIED,0.0619,164103580.0,1
letsa-min,bom_deep_7_3_15_5_No1_p70_ao98_am15_2_m25_ao98_am25_4,98,1,SATISFIED,0.0638,204741000.0,1
letsa-min,bom_deep_7_3_15_5_No1_p70_ao98_am15_2_m25_ao98_am25_5,98,1,SATISFIED,0.0621,110789724.0,1
letsa-min,bom_deep_7_3_15_5_No1_p70_ao98_am15_3,98,1,SATISFIED,0.0556,376168860.0,1
letsa-min,bom_deep_7_3_15_5_No1_p70_ao98_am15_3_m12_ao98_am12_1,98,1,SATISFIED,0.0545,331719396.0,1
letsa-min,bom_deep_7_3_15_5_No1_p70_ao98_am15_3_m12_ao98_am12_2,98,1,SATISFIED,0.0538,460445850.0,1
letsa-min,bom_deep_7_3_15_5_No1_p70_ao98_am15_3_m12_ao98_am12_3,98,1,SATISFIED,0.052,246486343.0,1
letsa-min,bom_deep_7_3_15_5_No1_p70_ao98_am15_3_m12_ao98_am12_4,98,1,UNSATISFIED,0.0134,-1.0,1
letsa-min,bom_deep_7_3_15_5_No1_p70_ao98_am15_3_m12_ao98_am12_5,98,1,SATISFIED,0.0772,551324133.0,1
letsa-min,bom_deep_7_3_15_5_No1_p70_ao98_am15_3_m25_ao98_am23_3,98,1,SATISFIED,0.1015,357628230.0,1
letsa-min,bom_deep_7_3_15_5_No1_p70_ao98_am15_3_m25_ao98_am25_1,98,1,SATISFIED,0.1024,454587468.0,1
letsa-min,bom_deep_7_3_15_5_No1_p70_ao98_am15_3_m25_ao98_am25_2,98,1,SATISFIED,0.1038,271834280.0,1
letsa-min,bom_deep_7_3_15_5_No1_p70_ao98_am15_3_m25_ao98_am25_4,98,1,SATISFIED,0.1027,505479960.0,1
letsa-min,bom_deep_7_3_15_5_No1_p70_ao98_am15_3_m25_ao98_am25_5,98,1,SATISFIED,0.1019,211011210.0,1
letsa-min,bom_deep_7_3_15_5_No1_p70_ao98_am15_4,98,1,SATISFIED,0.1044,246357585.0,1
letsa-min,bom_deep_7_3_15_5_No1_p70_ao98_am15_4_m12_ao98_am12_1,98,1,SATISFIED,0.1012,222034824.0,1
letsa-min,bom_deep_7_3_15_5_No1_p70_ao98_am15_4_m12_ao98_am12_2,98,1,SATISFIED,0.1034,235483560.0,1
letsa-min,bom_deep_7_3_15_5_No1_p70_ao98_am15_4_m12_ao98_am12_3,98,1,SATISFIED,0.1009,235863000.0,1
letsa-min,bom_deep_7_3_15_5_No1_p70_ao98_am15_4_m12_ao98_am12_4,98,1,SATISFIED,0.1039,258455100.0,1
letsa-min,bom_deep_7_3_15_5_No1_p70_ao98_am15_4_m12_ao98_am12_5,98,1,SATISFIED,0.0991,310964724.0,1
letsa-min,bom_deep_7_3_15_5_No1_p70_ao98_am15_4_m25_ao98_am25_1,98,1,SATISFIED,0.0979,226683018.0,1
letsa-min,bom_deep_7_3_15_5_No1_p70_ao98_am15_4_m25_ao98_am25_2,98,1,SATISFIED,0.0895,264111036.0,1
letsa-min,bom_deep_7_3_15_5_No1_p70_ao98_am15_4_m25_ao98_am25_3,98,1,SATISFIED,0.0843,326767611.0,1
letsa-min,bom_deep_7_3_15_5_No1_p70_ao98_am15_4_m25_ao98_am25_4,98,1,SATISFIED,0.0718,366829803.0,1
letsa-min,bom_deep_7_3_15_5_No1_p70_ao98_am15_4_m25_ao98_am25_5,98,1,SATISFIED,0.068,196729425.0,1
letsa-min,bom_deep_7_3_15_5_No1_p70_ao98_am15_5,98,1,UNSATISFIED,0.0146,-1.0,1
letsa-min,bom_deep_7_3_15_5_No1_p70_ao98_am15_5_m12_ao98_am12_1,98,1,SATISFIED,0.0554,386993916.0,1
letsa-min,bom_deep_7_3_15_5_No1_p70_ao98_am15_5_m12_ao98_am12_2,98,1,SATISFIED,0.0511,619229940.0,1
letsa-min,bom_deep_7_3_15_5_No1_p70_ao98_am15_5_m12_ao98_am12_3,98,1,SATISFIED,0.0495,192468006.0,1
letsa-min,bom_deep_7_3_15_5_No1_p70_ao98_am15_5_m12_ao98_am12_4,98,1,SATISFIED,0.0483,458879265.0,1
letsa-min,bom_deep_7_3_15_5_No1_p70_ao98_am15_5_m12_ao98_am12_5,98,1,SATISFIED,0.0498,416253294.0,1
letsa-min,bom_deep_7_3_15_5_No1_p70_ao98_am15_5_m25_ao98_am25_1,98,1,SATISFIED,0.0496,401572374.0,1
letsa-min,bom_deep_7_3_15_5_No1_p70_ao98_am15_5_m25_ao98_am25_2,98,1,SATISFIED,0.0487,160510230.0,1
letsa-min,bom_deep_7_3_15_5_No1_p70_ao98_am15_5_m25_ao98_am25_3,98,1,SATISFIED,0.0507,108219663.0,1
letsa-min,bom_deep_7_3_15_5_No1_p70_ao98_am15_5_m25_ao98_am25_4,98,1,SATISFIED,0.049,199281404.0,1
letsa-min,bom_deep_7_3_15_5_No1_p70_ao98_am15_5_m25_ao98_am25_5,98,1,SATISFIED,0.0499,480120334.0,1
letsa-min,bom_deep_7_3_15_5_No1_p80_ao104_am15_1,104,1,SATISFIED,0.0692,428960670.0,1
letsa-min,bom_deep_7_3_15_5_No1_p80_ao104_am15_1_m17_ao104_am16_1,104,1,SATISFIED,0.0689,428775612.0,1
letsa-min,bom_deep_7_3_15_5_No1_p80_ao104_am15_1_m17_ao104_am16_2,104,1,SATISFIED,0.0723,161681580.0,1
letsa-min,bom_deep_7_3_15_5_No1_p80_ao104_am15_1_m17_ao104_am16_5,104,1,SATISFIED,0.0663,454825935.0,1
letsa-min,bom_deep_7_3_15_5_No1_p80_ao104_am15_1_m17_ao104_am17_3,104,1,SATISFIED,0.0694,213022098.0,1
letsa-min,bom_deep_7_3_15_5_No1_p80_ao104_am15_1_m17_ao104_am17_4,104,1,SATISFIED,0.1611,344718750.0,1
letsa-min,bom_deep_7_3_15_5_No1_p80_ao104_am15_1_m45_ao104_am43_3,104,1,SATISFIED,0.0715,388091335.0,1
letsa-min,bom_deep_7_3_15_5_No1_p80_ao104_am15_1_m45_ao104_am45_1,104,1,SATISFIED,0.0701,331889544.0,1
letsa-min,bom_deep_7_3_15_5_No1_p80_ao104_am15_1_m45_ao104_am45_2,104,1,SATISFIED,0.0699,207403575.0,1
letsa-min,bom_deep_7_3_15_5_No1_p80_ao104_am15_1_m45_ao104_am45_4,104,1,SATISFIED,0.0705,265742523.0,1
letsa-min,bom_deep_7_3_15_5_No1_p80_ao104_am15_1_m45_ao104_am45_5,104,1,SATISFIED,0.0734,241875219.0,1
letsa-min,bom_deep_7_3_15_5_No1_p80_ao104_am15_2,104,1,SATISFIED,0.0649,264739500.0,1
letsa-min,bom_deep_7_3_15_5_No1_p80_ao104_am15_2_m17_ao104_am15_1,104,1,SATISFIED,0.0619,299822370.0,1
letsa-min,bom_deep_7_3_15_5_No1_p80_ao104_am15_2_m17_ao104_am16_3,104,1,SATISFIED,0.0633,353095800.0,1
letsa-min,bom_deep_7_3_15_5_No1_p80_ao104_am15_2_m17_ao104_am17_2,104,1,SATISFIED,0.0617,279242460.0,1
letsa-min,bom_deep_7_3_15_5_No1_p80_ao104_am15_2_m17_ao104_am17_4,104,1,SATISFIED,0.0628,298287630.0,1
letsa-min,bom_deep_7_3_15_5_No1_p80_ao104_am15_2_m17_ao104_am17_5,104,1,SATISFIED,0.0642,376968585.0,1
letsa-min,bom_deep_7_3_15_5_No1_p80_ao104_am15_2_m45_ao104_am44_4,104,1,SATISFIED,0.0659,66666940.0,1
letsa-min,bom_deep_7_3_15_5_No1_p80_ao104_am15_2_m45_ao104_am45_1,104,1,SATISFIED,0.0662,190899486.0,1
letsa-min,bom_deep_7_3_15_5_No1_p80_ao104_am15_2_m45_ao104_am45_2,104,1,SATISFIED,0.0641,110727180.0,1
letsa-min,bom_deep_7_3_15_5_No1_p80_ao104_am15_2_m45_ao104_am45_3,104,1,SATISFIED,0.0648,65908440.0,1
letsa-min,bom_deep_7_3_15_5_No1_p80_ao104_am15_2_m45_ao104_am45_5,104,1,SATISFIED,0.0657,178662654.0,1
letsa-min,bom_deep_7_3_15_5_No1_p80_ao104_am15_3,104,1,SATISFIED,0.075,423518085.0,1
letsa-min,bom_deep_7_3_15_5_No1_p80_ao104_am15_3_m17_ao104_am16_2,104,1,SATISFIED,0.0748,316934736.0,1
letsa-min,bom_deep_7_3_15_5_No1_p80_ao104_am15_3_m17_ao104_am16_5,104,1,SATISFIED,0.0721,244892700.0,1
letsa-min,bom_deep_7_3_15_5_No1_p80_ao104_am15_3_m17_ao104_am17_1,104,1,SATISFIED,0.0726,559304370.0,1
letsa-min,bom_deep_7_3_15_5_No1_p80_ao104_am15_3_m17_ao104_am17_3,104,1,SATISFIED,0.0723,917375490.0,1
letsa-min,bom_deep_7_3_15_5_No1_p80_ao104_am15_3_m17_ao104_am17_4,104,1,SATISFIED,0.0697,206195175.0,1
letsa-min,bom_deep_7_3_15_5_No1_p80_ao104_am15_3_m45_ao104_am44_2,104,1,SATISFIED,0.0719,391375796.0,1
letsa-min,bom_deep_7_3_15_5_No1_p80_ao104_am15_3_m45_ao104_am44_3,104,1,SATISFIED,0.0728,316970712.0,1
letsa-min,bom_deep_7_3_15_5_No1_p80_ao104_am15_3_m45_ao104_am45_1,104,1,SATISFIED,0.0722,385266708.0,1
letsa-min,bom_deep_7_3_15_5_No1_p80_ao104_am15_3_m45_ao104_am45_4,104,1,SATISFIED,0.072,550283292.0,1
letsa-min,bom_deep_7_3_15_5_No1_p80_ao104_am15_3_m45_ao104_am45_5,104,1,SATISFIED,0.0729,547976373.0,1
letsa-min,bom_deep_7_3_15_5_No1_p80_ao104_am15_4,104,1,SATISFIED,0.077,204841980.0,1
letsa-min,bom_deep_7_3_15_5_No1_p80_ao104_am15_4_m17_ao104_am17_1,104,1,SATISFIED,0.0745,317924370.0,1
letsa-min,bom_deep_7_3_15_5_No1_p80_ao104_am15_4_m17_ao104_am17_2,104,1,SATISFIED,0.0754,147811365.0,1
letsa-min,bom_deep_7_3_15_5_No1_p80_ao104_am15_4_m17_ao104_am17_3,104,1,SATISFIED,0.0759,420338610.0,1
letsa-min,bom_deep_7_3_15_5_No1_p80_ao104_am15_4_m17_ao104_am17_4,104,1,SATISFIED,0.0759,508884255.0,1
letsa-min,bom_deep_7_3_15_5_No1_p80_ao104_am15_4_m17_ao104_am17_5,104,1,SATISFIED,0.0769,94167918.0,1
letsa-min,bom_deep_7_3_15_5_No1_p80_ao104_am15_4_m45_ao104_am45_1,104,1,SATISFIED,0.0778,297549216.0,1
letsa-min,bom_deep_7_3_15_5_No1_p80_ao104_am15_4_m45_ao104_am45_2,104,1,SATISFIED,0.0784,285476420.0,1
letsa-min,bom_deep_7_3_15_5_No1_p80_ao104_am15_4_m45_ao104_am45_3,104,1,SATISFIED,0.0764,100373925.0,1
letsa-min,bom_deep_7_3_15_5_No1_p80_ao104_am15_4_m45_ao104_am45_4,104,1,SATISFIED,0.0787,297140688.0,1
letsa-min,bom_deep_7_3_15_5_No1_p80_ao104_am15_4_m45_ao104_am45_5,104,1,SATISFIED,0.0769,527575095.0,1
letsa-min,bom_deep_7_3_15_5_No1_p80_ao104_am15_5,104,1,SATISFIED,0.0665,78108660.0,1
letsa-min,bom_deep_7_3_15_5_No1_p80_ao104_am15_5_m17_ao104_am17_1,104,1,SATISFIED,0.0654,205079220.0,1
letsa-min,bom_deep_7_3_15_5_No1_p80_ao104_am15_5_m17_ao104_am17_2,104,1,SATISFIED,0.0661,340177995.0,1
letsa-min,bom_deep_7_3_15_5_No1_p80_ao104_am15_5_m17_ao104_am17_3,104,1,SATISFIED,0.0616,114868050.0,1
letsa-min,bom_deep_7_3_15_5_No1_p80_ao104_am15_5_m17_ao104_am17_4,104,1,SATISFIED,0.0615,77463990.0,1
letsa-min,bom_deep_7_3_15_5_No1_p80_ao104_am15_5_m17_ao104_am17_5,104,1,SATISFIED,0.0658,238476798.0,1
letsa-min,bom_deep_7_3_15_5_No1_p80_ao104_am15_5_m45_ao104_am44_1,104,1,SATISFIED,0.0636,127054476.0,1
letsa-min,bom_deep_7_3_15_5_No1_p80_ao104_am15_5_m45_ao104_am44_3,104,1,SATISFIED,0.0659,71494376.0,1
letsa-min,bom_deep_7_3_15_5_No1_p80_ao104_am15_5_m45_ao104_am45_2,104,1,SATISFIED,0.0648,172221456.0,1
letsa-min,bom_deep_7_3_15_5_No1_p80_ao104_am15_5_m45_ao104_am45_4,104,1,SATISFIED,0.0658,163754882.0,1
letsa-min,bom_deep_7_3_15_5_No1_p80_ao104_am15_5_m45_ao104_am45_5,104,1,SATISFIED,0.0648,161018235.0,1
letsa-max,bom_deep_7_3_15_5_No1_p70_ao98_am15_1,98,1,SATISFIED,0.0589,151372170.0,1
letsa-max,bom_deep_7_3_15_5_No1_p70_ao98_am15_1_m12_ao98_am12_1,98,1,SATISFIED,0.0587,157843836.0,1
letsa-max,bom_deep_7_3_15_5_No1_p70_ao98_am15_1_m12_ao98_am12_2,98,1,SATISFIED,0.0582,131612695.0,1
letsa-max,bom_deep_7_3_15_5_No1_p70_ao98_am15_1_m12_ao98_am12_3,98,1,SATISFIED,0.0599,139517532.0,1
letsa-max,bom_deep_7_3_15_5_No1_p70_ao98_am15_1_m12_ao98_am12_4,98,1,SATISFIED,0.0603,134806016.0,1
letsa-max,bom_deep_7_3_15_5_No1_p70_ao98_am15_1_m12_ao98_am12_5,98,1,SATISFIED,0.0587,156882036.0,1
letsa-max,bom_deep_7_3_15_5_No1_p70_ao98_am15_1_m25_ao98_am25_1,98,1,SATISFIED,0.0591,127757448.0,1
letsa-max,bom_deep_7_3_15_5_No1_p70_ao98_am15_1_m25_ao98_am25_2,98,1,SATISFIED,0.0579,131292900.0,1
letsa-max,bom_deep_7_3_15_5_No1_p70_ao98_am15_1_m25_ao98_am25_3,98,1,SATISFIED,0.0573,148113660.0,1
letsa-max,bom_deep_7_3_15_5_No1_p70_ao98_am15_1_m25_ao98_am25_4,98,1,SATISFIED,0.0591,79683996.0,1
letsa-max,bom_deep_7_3_15_5_No1_p70_ao98_am15_1_m25_ao98_am25_5,98,1,SATISFIED,0.06,175620285.0,1
letsa-max,bom_deep_7_3_15_5_No1_p70_ao98_am15_2,98,1,SATISFIED,0.0573,148780440.0,1
letsa-max,bom_deep_7_3_15_5_No1_p70_ao98_am15_2_m12_ao98_am12_1,98,1,UNSATISFIED,0.0247,-1.0,1
letsa-max,bom_deep_7_3_15_5_No1_p70_ao98_am15_2_m12_ao98_am12_2,98,1,SATISFIED,0.0599,135343272.0,1
letsa-max,bom_deep_7_3_15_5_No1_p70_ao98_am15_2_m12_ao98_am12_3,98,1,SATISFIED,0.0583,115466534.0,1
letsa-max,bom_deep_7_3_15_5_No1_p70_ao98_am15_2_m12_ao98_am12_4,98,1,SATISFIED,0.0593,185221192.0,1
letsa-max,bom_deep_7_3_15_5_No1_p70_ao98_am15_2_m12_ao98_am12_5,98,1,SATISFIED,0.0596,138966469.0,1
letsa-max,bom_deep_7_3_15_5_No1_p70_ao98_am15_2_m25_ao98_am24_1,98,1,SATISFIED,0.0586,226185666.0,1
letsa-max,bom_deep_7_3_15_5_No1_p70_ao98_am15_2_m25_ao98_am25_2,98,1,SATISFIED,0.0587,277972344.0,1
letsa-max,bom_deep_7_3_15_5_No1_p70_ao98_am15_2_m25_ao98_am25_3,98,1,SATISFIED,0.0576,164103580.0,1
letsa-max,bom_deep_7_3_15_5_No1_p70_ao98_am15_2_m25_ao98_am25_4,98,1,SATISFIED,0.0581,204741000.0,1
letsa-max,bom_deep_7_3_15_5_No1_p70_ao98_am15_2_m25_ao98_am25_5,98,1,SATISFIED,0.0581,110789724.0,1
letsa-max,bom_deep_7_3_15_5_No1_p70_ao98_am15_3,98,1,SATISFIED,0.0529,417844860.0,1
letsa-max,bom_deep_7_3_15_5_No1_p70_ao98_am15_3_m12_ao98_am12_1,98,1,SATISFIED,0.0547,423443796.0,1
letsa-max,bom_deep_7_3_15_5_No1_p70_ao98_am15_3_m12_ao98_am12_2,98,1,SATISFIED,0.0537,460445850.0,1
letsa-max,bom_deep_7_3_15_5_No1_p70_ao98_am15_3_m12_ao98_am12_3,98,1,SATISFIED,0.0535,318248743.0,1
letsa-max,bom_deep_7_3_15_5_No1_p70_ao98_am15_3_m12_ao98_am12_4,98,1,UNSATISFIED,0.0188,-1.0,1
letsa-max,bom_deep_7_3_15_5_No1_p70_ao98_am15_3_m12_ao98_am12_5,98,1,SATISFIED,0.0538,551324133.0,1
letsa-max,bom_deep_7_3_15_5_No1_p70_ao98_am15_3_m25_ao98_am23_3,98,1,SATISFIED,0.0535,357628230.0,1
letsa-max,bom_deep_7_3_15_5_No1_p70_ao98_am15_3_m25_ao98_am25_1,98,1,SATISFIED,0.0516,355621668.0,1
letsa-max,bom_deep_7_3_15_5_No1_p70_ao98_am15_3_m25_ao98_am25_2,98,1,SATISFIED,0.0544,271834280.0,1
letsa-max,bom_deep_7_3_15_5_No1_p70_ao98_am15_3_m25_ao98_am25_4,98,1,SATISFIED,0.0539,505479960.0,1
letsa-max,bom_deep_7_3_15_5_No1_p70_ao98_am15_3_m25_ao98_am25_5,98,1,SATISFIED,0.0535,166615110.0,1
letsa-max,bom_deep_7_3_15_5_No1_p70_ao98_am15_4,98,1,SATISFIED,0.0524,246357585.0,1
letsa-max,bom_deep_7_3_15_5_No1_p70_ao98_am15_4_m12_ao98_am12_1,98,1,SATISFIED,0.053,259570914.0,1
letsa-max,bom_deep_7_3_15_5_No1_p70_ao98_am15_4_m12_ao98_am12_2,98,1,SATISFIED,0.0526,235483560.0,1
letsa-max,bom_deep_7_3_15_5_No1_p70_ao98_am15_4_m12_ao98_am12_3,98,1,SATISFIED,0.0551,235863000.0,1
letsa-max,bom_deep_7_3_15_5_No1_p70_ao98_am15_4_m12_ao98_am12_4,98,1,SATISFIED,0.0545,258455100.0,1
letsa-max,bom_deep_7_3_15_5_No1_p70_ao98_am15_4_m12_ao98_am12_5,98,1,SATISFIED,0.0552,310316574.0,1
letsa-max,bom_deep_7_3_15_5_No1_p70_ao98_am15_4_m25_ao98_am25_1,98,1,SATISFIED,0.0523,226683018.0,1
letsa-max,bom_deep_7_3_15_5_No1_p70_ao98_am15_4_m25_ao98_am25_2,98,1,SATISFIED,0.0527,264111036.0,1
letsa-max,bom_deep_7_3_15_5_No1_p70_ao98_am15_4_m25_ao98_am25_3,98,1,SATISFIED,0.0544,326767611.0,1
letsa-max,bom_deep_7_3_15_5_No1_p70_ao98_am15_4_m25_ao98_am25_4,98,1,SATISFIED,0.0544,366829803.0,1
letsa-max,bom_deep_7_3_15_5_No1_p70_ao98_am15_4_m25_ao98_am25_5,98,1,SATISFIED,0.0525,196729425.0,1
letsa-max,bom_deep_7_3_15_5_No1_p70_ao98_am15_5,98,1,UNSATISFIED,0.0134,-1.0,1
letsa-max,bom_deep_7_3_15_5_No1_p70_ao98_am15_5_m12_ao98_am12_1,98,1,SATISFIED,0.0485,386993916.0,1
letsa-max,bom_deep_7_3_15_5_No1_p70_ao98_am15_5_m12_ao98_am12_2,98,1,SATISFIED,0.0484,619229940.0,1
letsa-max,bom_deep_7_3_15_5_No1_p70_ao98_am15_5_m12_ao98_am12_3,98,1,SATISFIED,0.0487,212989410.0,1
letsa-max,bom_deep_7_3_15_5_No1_p70_ao98_am15_5_m12_ao98_am12_4,98,1,SATISFIED,0.0471,456479415.0,1
letsa-max,bom_deep_7_3_15_5_No1_p70_ao98_am15_5_m12_ao98_am12_5,98,1,SATISFIED,0.0473,416253294.0,1
letsa-max,bom_deep_7_3_15_5_No1_p70_ao98_am15_5_m25_ao98_am25_1,98,1,SATISFIED,0.0473,401572374.0,1
letsa-max,bom_deep_7_3_15_5_No1_p70_ao98_am15_5_m25_ao98_am25_2,98,1,SATISFIED,0.047,160510230.0,1
letsa-max,bom_deep_7_3_15_5_No1_p70_ao98_am15_5_m25_ao98_am25_3,98,1,SATISFIED,0.0475,108219663.0,1
letsa-max,bom_deep_7_3_15_5_No1_p70_ao98_am15_5_m25_ao98_am25_4,98,1,SATISFIED,0.0473,245613404.0,1
letsa-max,bom_deep_7_3_15_5_No1_p70_ao98_am15_5_m25_ao98_am25_5,98,1,SATISFIED,0.0476,480120334.0,1
letsa-max,bom_deep_7_3_15_5_No1_p80_ao104_am15_1,104,1,SATISFIED,0.0672,428960670.0,1
letsa-max,bom_deep_7_3_15_5_No1_p80_ao104_am15_1_m17_ao104_am16_1,104,1,SATISFIED,0.0669,428775612.0,1
letsa-max,bom_deep_7_3_15_5_No1_p80_ao104_am15_1_m17_ao104_am16_2,104,1,SATISFIED,0.0676,161681580.0,1
letsa-max,bom_deep_7_3_15_5_No1_p80_ao104_am15_1_m17_ao104_am16_5,104,1,SATISFIED,0.0681,454825935.0,1
letsa-max,bom_deep_7_3_15_5_No1_p80_ao104_am15_1_m17_ao104_am17_3,104,1,SATISFIED,0.0671,213022098.0,1
letsa-max,bom_deep_7_3_15_5_No1_p80_ao104_am15_1_m17_ao104_am17_4,104,1,SATISFIED,0.0648,344718750.0,1
letsa-max,bom_deep_7_3_15_5_No1_p80_ao104_am15_1_m45_ao104_am43_3,104,1,SATISFIED,0.0668,388091335.0,1
letsa-max,bom_deep_7_3_15_5_No1_p80_ao104_am15_1_m45_ao104_am45_1,104,1,SATISFIED,0.069,331889544.0,1
letsa-max,bom_deep_7_3_15_5_No1_p80_ao104_am15_1_m45_ao104_am45_2,104,1,SATISFIED,0.0665,207403575.0,1
letsa-max,bom_deep_7_3_15_5_No1_p80_ao104_am15_1_m45_ao104_am45_4,104,1,SATISFIED,0.0669,265742523.0,1
letsa-max,bom_deep_7_3_15_5_No1_p80_ao104_am15_1_m45_ao104_am45_5,104,1,SATISFIED,0.0654,241875219.0,1
letsa-max,bom_deep_7_3_15_5_No1_p80_ao104_am15_2,104,1,SATISFIED,0.0623,264739500.0,1
letsa-max,bom_deep_7_3_15_5_No1_p80_ao104_am15_2_m17_ao104_am15_1,104,1,SATISFIED,0.0612,299822370.0,1
letsa-max,bom_deep_7_3_15_5_No1_p80_ao104_am15_2_m17_ao104_am16_3,104,1,SATISFIED,0.0627,353095800.0,1
letsa-max,bom_deep_7_3_15_5_No1_p80_ao104_am15_2_m17_ao104_am17_2,104,1,SATISFIED,0.0631,279242460.0,1
letsa-max,bom_deep_7_3_15_5_No1_p80_ao104_am15_2_m17_ao104_am17_4,104,1,SATISFIED,0.0637,298287630.0,1
letsa-max,bom_deep_7_3_15_5_No1_p80_ao104_am15_2_m17_ao104_am17_5,104,1,SATISFIED,0.0636,310049685.0,1
letsa-max,bom_deep_7_3_15_5_No1_p80_ao104_am15_2_m45_ao104_am44_4,104,1,SATISFIED,0.0636,66666940.0,1
letsa-max,bom_deep_7_3_15_5_No1_p80_ao104_am15_2_m45_ao104_am45_1,104,1,SATISFIED,0.065,190899486.0,1
letsa-max,bom_deep_7_3_15_5_No1_p80_ao104_am15_2_m45_ao104_am45_2,104,1,SATISFIED,0.0634,110727180.0,1
letsa-max,bom_deep_7_3_15_5_No1_p80_ao104_am15_2_m45_ao104_am45_3,104,1,SATISFIED,0.0644,65908440.0,1
letsa-max,bom_deep_7_3_15_5_No1_p80_ao104_am15_2_m45_ao104_am45_5,104,1,SATISFIED,0.0634,178662654.0,1
letsa-max,bom_deep_7_3_15_5_No1_p80_ao104_am15_3,104,1,SATISFIED,0.0724,423518085.0,1
letsa-max,bom_deep_7_3_15_5_No1_p80_ao104_am15_3_m17_ao104_am16_2,104,1,SATISFIED,0.0749,316934736.0,1
letsa-max,bom_deep_7_3_15_5_No1_p80_ao104_am15_3_m17_ao104_am16_5,104,1,SATISFIED,0.0742,244892700.0,1
letsa-max,bom_deep_7_3_15_5_No1_p80_ao104_am15_3_m17_ao104_am17_1,104,1,SATISFIED,0.0703,559304370.0,1
letsa-max,bom_deep_7_3_15_5_No1_p80_ao104_am15_3_m17_ao104_am17_3,104,1,SATISFIED,0.0704,917375490.0,1
letsa-max,bom_deep_7_3_15_5_No1_p80_ao104_am15_3_m17_ao104_am17_4,104,1,SATISFIED,0.0732,206195175.0,1
letsa-max,bom_deep_7_3_15_5_No1_p80_ao104_am15_3_m45_ao104_am44_2,104,1,SATISFIED,0.0695,391375796.0,1
letsa-max,bom_deep_7_3_15_5_No1_p80_ao104_am15_3_m45_ao104_am44_3,104,1,SATISFIED,0.0713,316970712.0,1
letsa-max,bom_deep_7_3_15_5_No1_p80_ao104_am15_3_m45_ao104_am45_1,104,1,SATISFIED,0.0721,385266708.0,1
letsa-max,bom_deep_7_3_15_5_No1_p80_ao104_am15_3_m45_ao104_am45_4,104,1,SATISFIED,0.0719,550283292.0,1
letsa-max,bom_deep_7_3_15_5_No1_p80_ao104_am15_3_m45_ao104_am45_5,104,1,SATISFIED,0.0724,547976373.0,1
letsa-max,bom_deep_7_3_15_5_No1_p80_ao104_am15_4,104,1,SATISFIED,0.0766,204841980.0,1
letsa-max,bom_deep_7_3_15_5_No1_p80_ao104_am15_4_m17_ao104_am17_1,104,1,SATISFIED,0.0766,317924370.0,1
letsa-max,bom_deep_7_3_15_5_No1_p80_ao104_am15_4_m17_ao104_am17_2,104,1,SATISFIED,0.0744,147811365.0,1
letsa-max,bom_deep_7_3_15_5_No1_p80_ao104_am15_4_m17_ao104_am17_3,104,1,SATISFIED,0.0733,420338610.0,1
letsa-max,bom_deep_7_3_15_5_No1_p80_ao104_am15_4_m17_ao104_am17_4,104,1,SATISFIED,0.0757,508884255.0,1
letsa-max,bom_deep_7_3_15_5_No1_p80_ao104_am15_4_m17_ao104_am17_5,104,1,SATISFIED,0.0759,94167918.0,1
letsa-max,bom_deep_7_3_15_5_No1_p80_ao104_am15_4_m45_ao104_am45_1,104,1,SATISFIED,0.0756,297549216.0,1
letsa-max,bom_deep_7_3_15_5_No1_p80_ao104_am15_4_m45_ao104_am45_2,104,1,SATISFIED,0.0742,285476420.0,1
letsa-max,bom_deep_7_3_15_5_No1_p80_ao104_am15_4_m45_ao104_am45_3,104,1,SATISFIED,0.075,100373925.0,1
letsa-max,bom_deep_7_3_15_5_No1_p80_ao104_am15_4_m45_ao104_am45_4,104,1,SATISFIED,0.0763,297140688.0,1
letsa-max,bom_deep_7_3_15_5_No1_p80_ao104_am15_4_m45_ao104_am45_5,104,1,SATISFIED,0.0743,527575095.0,1
letsa-max,bom_deep_7_3_15_5_No1_p80_ao104_am15_5,104,1,SATISFIED,0.0625,93608760.0,1
letsa-max,bom_deep_7_3_15_5_No1_p80_ao104_am15_5_m17_ao104_am17_1,104,1,SATISFIED,0.0615,205079220.0,1
letsa-max,bom_deep_7_3_15_5_No1_p80_ao104_am15_5_m17_ao104_am17_2,104,1,SATISFIED,0.0633,340177995.0,1
letsa-max,bom_deep_7_3_15_5_No1_p80_ao104_am15_5_m17_ao104_am17_3,104,1,SATISFIED,0.0631,120976950.0,1
letsa-max,bom_deep_7_3_15_5_No1_p80_ao104_am15_5_m17_ao104_am17_4,104,1,SATISFIED,0.0625,80898390.0,1
letsa-max,bom_deep_7_3_15_5_No1_p80_ao104_am15_5_m17_ao104_am17_5,104,1,SATISFIED,0.0625,265119198.0,1
letsa-max,bom_deep_7_3_15_5_No1_p80_ao104_am15_5_m45_ao104_am44_1,104,1,SATISFIED,0.0637,127054476.0,1
letsa-max,bom_deep_7_3_15_5_No1_p80_ao104_am15_5_m45_ao104_am44_3,104,1,SATISFIED,0.0644,71494376.0,1
letsa-max,bom_deep_7_3_15_5_No1_p80_ao104_am15_5_m45_ao104_am45_2,104,1,SATISFIED,0.0627,172221456.0,1
letsa-max,bom_deep_7_3_15_5_No1_p80_ao104_am15_5_m45_ao104_am45_4,104,1,SATISFIED,0.0645,163754882.0,1
letsa-max,bom_deep_7_3_15_5_No1_p80_ao104_am15_5_m45_ao104_am45_5,104,1,SATISFIED,0.0644,161018235.0,1
letsa-avg,bom_deep_7_3_15_5_No1_p70_ao98_am15_1,98,1,SATISFIED,0.0785,151372170.0,1
letsa-avg,bom_deep_7_3_15_5_No1_p70_ao98_am15_1_m12_ao98_am12_1,98,1,SATISFIED,0.08,171723186.0,1
letsa-avg,bom_deep_7_3_15_5_No1_p70_ao98_am15_1_m12_ao98_am12_2,98,1,SATISFIED,0.077,131612695.0,1
letsa-avg,bom_deep_7_3_15_5_No1_p70_ao98_am15_1_m12_ao98_am12_3,98,1,SATISFIED,0.0788,139517532.0,1
letsa-avg,bom_deep_7_3_15_5_No1_p70_ao98_am15_1_m12_ao98_am12_4,98,1,SATISFIED,0.0785,107661131.0,1
letsa-avg,bom_deep_7_3_15_5_No1_p70_ao98_am15_1_m12_ao98_am12_5,98,1,SATISFIED,0.0799,156882036.0,1
letsa-avg,bom_deep_7_3_15_5_No1_p70_ao98_am15_1_m25_ao98_am25_1,98,1,SATISFIED,0.0772,127757448.0,1
letsa-avg,bom_deep_7_3_15_5_No1_p70_ao98_am15_1_m25_ao98_am25_2,98,1,SATISFIED,0.0784,131292900.0,1
letsa-avg,bom_deep_7_3_15_5_No1_p70_ao98_am15_1_m25_ao98_am25_3,98,1,SATISFIED,0.0778,148113660.0,1
letsa-avg,bom_deep_7_3_15_5_No1_p70_ao98_am15_1_m25_ao98_am25_4,98,1,SATISFIED,0.079,79683996.0,1
letsa-avg,bom_deep_7_3_15_5_No1_p70_ao98_am15_1_m25_ao98_am25_5,98,1,SATISFIED,0.0795,175620285.0,1
letsa-avg,bom_deep_7_3_15_5_No1_p70_ao98_am15_2,98,1,SATISFIED,0.077,148780440.0,1
letsa-avg,bom_deep_7_3_15_5_No1_p70_ao98_am15_2_m12_ao98_am12_1,98,1,UNSATISFIED,0.0304,-1.0,1
letsa-avg,bom_deep_7_3_15_5_No1_p70_ao98_am15_2_m12_ao98_am12_2,98,1,SATISFIED,0.0777,135343272.0,1
letsa-avg,bom_deep_7_3_15_5_No1_p70_ao98_am15_2_m12_ao98_am12_3,98,1,SATISFIED,0.0786,149813459.0,1
letsa-avg,bom_deep_7_3_15_5_No1_p70_ao98_am15_2_m12_ao98_am12_4,98,1,SATISFIED,0.0779,179077792.0,1
letsa-avg,bom_deep_7_3_15_5_No1_p70_ao98_am15_2_m12_ao98_am12_5,98,1,SATISFIED,0.1354,138966469.0,1
letsa-avg,bom_deep_7_3_15_5_No1_p70_ao98_am15_2_m25_ao98_am24_1,98,1,SATISFIED,0.1437,226185666.0,1
letsa-avg,bom_deep_7_3_15_5_No1_p70_ao98_am15_2_m25_ao98_am25_2,98,1,SATISFIED,0.1459,277972344.0,1
letsa-avg,bom_deep_7_3_15_5_No1_p70_ao98_am15_2_m25_ao98_am25_3,98,1,SATISFIED,0.1423,164103580.0,1
letsa-avg,bom_deep_7_3_15_5_No1_p70_ao98_am15_2_m25_ao98_am25_4,98,1,SATISFIED,0.1449,204741000.0,1
letsa-avg,bom_deep_7_3_15_5_No1_p70_ao98_am15_2_m25_ao98_am25_5,98,1,SATISFIED,0.2492,110789724.0,1
letsa-avg,bom_deep_7_3_15_5_No1_p70_ao98_am15_3,98,1,SATISFIED,0.1325,417844860.0,1
letsa-avg,bom_deep_7_3_15_5_No1_p70_ao98_am15_3_m12_ao98_am12_1,98,1,SATISFIED,0.1349,423443796.0,1
letsa-avg,bom_deep_7_3_15_5_No1_p70_ao98_am15_3_m12_ao98_am12_2,98,1,SATISFIED,0.1313,460445850.0,1
letsa-avg,bom_deep_7_3_15_5_No1_p70_ao98_am15_3_m12_ao98_am12_3,98,1,SATISFIED,0.1207,246486343.0,1
letsa-avg,bom_deep_7_3_15_5_No1_p70_ao98_am15_3_m12_ao98_am12_4,98,1,UNSATISFIED,0.0317,-1.0,1
letsa-avg,bom_deep_7_3_15_5_No1_p70_ao98_am15_3_m12_ao98_am12_5,98,1,SATISFIED,0.1075,551324133.0,1
letsa-avg,bom_deep_7_3_15_5_No1_p70_ao98_am15_3_m25_ao98_am23_3,98,1,SATISFIED,0.0979,357628230.0,1
letsa-avg,bom_deep_7_3_15_5_No1_p70_ao98_am15_3_m25_ao98_am25_1,98,1,SATISFIED,0.0876,355621668.0,1
letsa-avg,bom_deep_7_3_15_5_No1_p70_ao98_am15_3_m25_ao98_am25_2,98,1,SATISFIED,0.0842,271834280.0,1
letsa-avg,bom_deep_7_3_15_5_No1_p70_ao98_am15_3_m25_ao98_am25_4,98,1,SATISFIED,0.0776,505479960.0,1
letsa-avg,bom_deep_7_3_15_5_No1_p70_ao98_am15_3_m25_ao98_am25_5,98,1,SATISFIED,0.072,166615110.0,1
letsa-avg,bom_deep_7_3_15_5_No1_p70_ao98_am15_4,98,1,SATISFIED,0.0714,246357585.0,1
letsa-avg,bom_deep_7_3_15_5_No1_p70_ao98_am15_4_m12_ao98_am12_1,98,1,SATISFIED,0.0701,296622744.0,1
letsa-avg,bom_deep_7_3_15_5_No1_p70_ao98_am15_4_m12_ao98_am12_2,98,1,SATISFIED,0.0716,235483560.0,1
letsa-avg,bom_deep_7_3_15_5_No1_p70_ao98_am15_4_m12_ao98_am12_3,98,1,SATISFIED,0.0711,235863000.0,1
letsa-avg,bom_deep_7_3_15_5_No1_p70_ao98_am15_4_m12_ao98_am12_4,98,1,SATISFIED,0.0726,258455100.0,1
letsa-avg,bom_deep_7_3_15_5_No1_p70_ao98_am15_4_m12_ao98_am12_5,98,1,SATISFIED,0.0725,310964724.0,1
letsa-avg,bom_deep_7_3_15_5_No1_p70_ao98_am15_4_m25_ao98_am25_1,98,1,SATISFIED,0.0711,226683018.0,1
letsa-avg,bom_deep_7_3_15_5_No1_p70_ao98_am15_4_m25_ao98_am25_2,98,1,SATISFIED,0.071,264111036.0,1
letsa-avg,bom_deep_7_3_15_5_No1_p70_ao98_am15_4_m25_ao98_am25_3,98,1,SATISFIED,0.0721,326767611.0,1
letsa-avg,bom_deep_7_3_15_5_No1_p70_ao98_am15_4_m25_ao98_am25_4,98,1,SATISFIED,0.0722,366829803.0,1
letsa-avg,bom_deep_7_3_15_5_No1_p70_ao98_am15_4_m25_ao98_am25_5,98,1,SATISFIED,0.0712,196729425.0,1
letsa-avg,bom_deep_7_3_15_5_No1_p70_ao98_am15_5,98,1,UNSATISFIED,0.0177,-1.0,1
letsa-avg,bom_deep_7_3_15_5_No1_p70_ao98_am15_5_m12_ao98_am12_1,98,1,SATISFIED,0.0654,386993916.0,1
letsa-avg,bom_deep_7_3_15_5_No1_p70_ao98_am15_5_m12_ao98_am12_2,98,1,SATISFIED,0.0644,619229940.0,1
letsa-avg,bom_deep_7_3_15_5_No1_p70_ao98_am15_5_m12_ao98_am12_3,98,1,SATISFIED,0.0647,212989410.0,1
letsa-avg,bom_deep_7_3_15_5_No1_p70_ao98_am15_5_m12_ao98_am12_4,98,1,SATISFIED,0.0642,458879265.0,1
letsa-avg,bom_deep_7_3_15_5_No1_p70_ao98_am15_5_m12_ao98_am12_5,98,1,SATISFIED,0.065,416253294.0,1
letsa-avg,bom_deep_7_3_15_5_No1_p70_ao98_am15_5_m25_ao98_am25_1,98,1,SATISFIED,0.065,401572374.0,1
letsa-avg,bom_deep_7_3_15_5_No1_p70_ao98_am15_5_m25_ao98_am25_2,98,1,SATISFIED,0.0645,160510230.0,1
letsa-avg,bom_deep_7_3_15_5_No1_p70_ao98_am15_5_m25_ao98_am25_3,98,1,SATISFIED,0.0654,108219663.0,1
letsa-avg,bom_deep_7_3_15_5_No1_p70_ao98_am15_5_m25_ao98_am25_4,98,1,SATISFIED,0.064,199281404.0,1
letsa-avg,bom_deep_7_3_15_5_No1_p70_ao98_am15_5_m25_ao98_am25_5,98,1,SATISFIED,0.0641,480120334.0,1
letsa-avg,bom_deep_7_3_15_5_No1_p80_ao104_am15_1,104,1,SATISFIED,0.0897,428960670.0,1
letsa-avg,bom_deep_7_3_15_5_No1_p80_ao104_am15_1_m17_ao104_am16_1,104,1,SATISFIED,0.0882,428775612.0,1
letsa-avg,bom_deep_7_3_15_5_No1_p80_ao104_am15_1_m17_ao104_am16_2,104,1,SATISFIED,0.0909,161681580.0,1
letsa-avg,bom_deep_7_3_15_5_No1_p80_ao104_am15_1_m17_ao104_am16_5,104,1,SATISFIED,0.0878,454825935.0,1
letsa-avg,bom_deep_7_3_15_5_No1_p80_ao104_am15_1_m17_ao104_am17_3,104,1,SATISFIED,0.0889,213022098.0,1
letsa-avg,bom_deep_7_3_15_5_No1_p80_ao104_am15_1_m17_ao104_am17_4,104,1,SATISFIED,0.0857,344718750.0,1
letsa-avg,bom_deep_7_3_15_5_No1_p80_ao104_am15_1_m45_ao104_am43_3,104,1,SATISFIED,0.0898,388091335.0,1
letsa-avg,bom_deep_7_3_15_5_No1_p80_ao104_am15_1_m45_ao104_am45_1,104,1,SATISFIED,0.0899,331889544.0,1
letsa-avg,bom_deep_7_3_15_5_No1_p80_ao104_am15_1_m45_ao104_am45_2,104,1,SATISFIED,0.0905,207403575.0,1
letsa-avg,bom_deep_7_3_15_5_No1_p80_ao104_am15_1_m45_ao104_am45_4,104,1,SATISFIED,0.0911,265742523.0,1
letsa-avg,bom_deep_7_3_15_5_No1_p80_ao104_am15_1_m45_ao104_am45_5,104,1,SATISFIED,0.0891,241875219.0,1
letsa-avg,bom_deep_7_3_15_5_No1_p80_ao104_am15_2,104,1,SATISFIED,0.0836,264739500.0,1
letsa-avg,bom_deep_7_3_15_5_No1_p80_ao104_am15_2_m17_ao104_am15_1,104,1,SATISFIED,0.0816,299822370.0,1
letsa-avg,bom_deep_7_3_15_5_No1_p80_ao104_am15_2_m17_ao104_am16_3,104,1,SATISFIED,0.0829,353095800.0,1
letsa-avg,bom_deep_7_3_15_5_No1_p80_ao104_am15_2_m17_ao104_am17_2,104,1,SATISFIED,0.0829,279242460.0,1
letsa-avg,bom_deep_7_3_15_5_No1_p80_ao104_am15_2_m17_ao104_am17_4,104,1,SATISFIED,0.0844,298287630.0,1
letsa-avg,bom_deep_7_3_15_5_No1_p80_ao104_am15_2_m17_ao104_am17_5,104,1,SATISFIED,0.0844,376968585.0,1
letsa-avg,bom_deep_7_3_15_5_No1_p80_ao104_am15_2_m45_ao104_am44_4,104,1,SATISFIED,0.0851,66666940.0,1
letsa-avg,bom_deep_7_3_15_5_No1_p80_ao104_am15_2_m45_ao104_am45_1,104,1,SATISFIED,0.0863,190899486.0,1
letsa-avg,bom_deep_7_3_15_5_No1_p80_ao104_am15_2_m45_ao104_am45_2,104,1,SATISFIED,0.0844,110727180.0,1
letsa-avg,bom_deep_7_3_15_5_No1_p80_ao104_am15_2_m45_ao104_am45_3,104,1,SATISFIED,0.0865,65908440.0,1
letsa-avg,bom_deep_7_3_15_5_No1_p80_ao104_am15_2_m45_ao104_am45_5,104,1,SATISFIED,0.0845,178662654.0,1
letsa-avg,bom_deep_7_3_15_5_No1_p80_ao104_am15_3,104,1,SATISFIED,0.0957,423518085.0,1
letsa-avg,bom_deep_7_3_15_5_No1_p80_ao104_am15_3_m17_ao104_am16_2,104,1,SATISFIED,0.0962,316934736.0,1
letsa-avg,bom_deep_7_3_15_5_No1_p80_ao104_am15_3_m17_ao104_am16_5,104,1,SATISFIED,0.0955,244892700.0,1
letsa-avg,bom_deep_7_3_15_5_No1_p80_ao104_am15_3_m17_ao104_am17_1,104,1,SATISFIED,0.093,559304370.0,1
letsa-avg,bom_deep_7_3_15_5_No1_p80_ao104_am15_3_m17_ao104_am17_3,104,1,SATISFIED,0.094,917375490.0,1
letsa-avg,bom_deep_7_3_15_5_No1_p80_ao104_am15_3_m17_ao104_am17_4,104,1,SATISFIED,0.0946,206195175.0,1
letsa-avg,bom_deep_7_3_15_5_No1_p80_ao104_am15_3_m45_ao104_am44_2,104,1,SATISFIED,0.0914,391375796.0,1
letsa-avg,bom_deep_7_3_15_5_No1_p80_ao104_am15_3_m45_ao104_am44_3,104,1,SATISFIED,0.0924,316970712.0,1
letsa-avg,bom_deep_7_3_15_5_No1_p80_ao104_am15_3_m45_ao104_am45_1,104,1,SATISFIED,0.0925,385266708.0,1
letsa-avg,bom_deep_7_3_15_5_No1_p80_ao104_am15_3_m45_ao104_am45_4,104,1,SATISFIED,0.1405,550283292.0,1
letsa-avg,bom_deep_7_3_15_5_No1_p80_ao104_am15_3_m45_ao104_am45_5,104,1,SATISFIED,0.1786,547976373.0,1
letsa-avg,bom_deep_7_3_15_5_No1_p80_ao104_am15_4,104,1,SATISFIED,0.1842,204841980.0,1
letsa-avg,bom_deep_7_3_15_5_No1_p80_ao104_am15_4_m17_ao104_am17_1,104,1,SATISFIED,0.1819,317924370.0,1
letsa-avg,bom_deep_7_3_15_5_No1_p80_ao104_am15_4_m17_ao104_am17_2,104,1,SATISFIED,0.1823,147811365.0,1
letsa-avg,bom_deep_7_3_15_5_No1_p80_ao104_am15_4_m17_ao104_am17_3,104,1,SATISFIED,0.1803,420338610.0,1
letsa-avg,bom_deep_7_3_15_5_No1_p80_ao104_am15_4_m17_ao104_am17_4,104,1,SATISFIED,0.1801,508884255.0,1
letsa-avg,bom_deep_7_3_15_5_No1_p80_ao104_am15_4_m17_ao104_am17_5,104,1,SATISFIED,0.1683,94167918.0,1
letsa-avg,bom_deep_7_3_15_5_No1_p80_ao104_am15_4_m45_ao104_am45_1,104,1,SATISFIED,0.1486,297549216.0,1
letsa-avg,bom_deep_7_3_15_5_No1_p80_ao104_am15_4_m45_ao104_am45_2,104,1,SATISFIED,0.1321,285476420.0,1
letsa-avg,bom_deep_7_3_15_5_No1_p80_ao104_am15_4_m45_ao104_am45_3,104,1,SATISFIED,0.1165,100373925.0,1
letsa-avg,bom_deep_7_3_15_5_No1_p80_ao104_am15_4_m45_ao104_am45_4,104,1,SATISFIED,0.1092,297140688.0,1
letsa-avg,bom_deep_7_3_15_5_No1_p80_ao104_am15_4_m45_ao104_am45_5,104,1,SATISFIED,0.0975,527575095.0,1
letsa-avg,bom_deep_7_3_15_5_No1_p80_ao104_am15_5,104,1,SATISFIED,0.0846,93608760.0,1
letsa-avg,bom_deep_7_3_15_5_No1_p80_ao104_am15_5_m17_ao104_am17_1,104,1,SATISFIED,0.0827,205079220.0,1
letsa-avg,bom_deep_7_3_15_5_No1_p80_ao104_am15_5_m17_ao104_am17_2,104,1,SATISFIED,0.0844,340177995.0,1
letsa-avg,bom_deep_7_3_15_5_No1_p80_ao104_am15_5_m17_ao104_am17_3,104,1,SATISFIED,0.0838,120976950.0,1
letsa-avg,bom_deep_7_3_15_5_No1_p80_ao104_am15_5_m17_ao104_am17_4,104,1,SATISFIED,0.0814,80898390.0,1
letsa-avg,bom_deep_7_3_15_5_No1_p80_ao104_am15_5_m17_ao104_am17_5,104,1,SATISFIED,0.0837,238476798.0,1
letsa-avg,bom_deep_7_3_15_5_No1_p80_ao104_am15_5_m45_ao104_am44_1,104,1,SATISFIED,0.185,127054476.0,1
letsa-avg,bom_deep_7_3_15_5_No1_p80_ao104_am15_5_m45_ao104_am44_3,104,1,SATISFIED,0.0861,71494376.0,1
letsa-avg,bom_deep_7_3_15_5_No1_p80_ao104_am15_5_m45_ao104_am45_2,104,1,SATISFIED,0.0847,172221456.0,1
letsa-avg,bom_deep_7_3_15_5_No1_p80_ao104_am15_5_m45_ao104_am45_4,104,1,SATISFIED,0.0854,163754882.0,1
letsa-avg,bom_deep_7_3_15_5_No1_p80_ao104_am15_5_m45_ao104_am45_5,104,1,SATISFIED,0.0859,161018235.0,1
mopno-b-min,bom_deep_7_3_15_5_No1_p70_ao98_am15_1,98,1,SATISFIED,0.0838,151372170.0,1
mopno-b-min,bom_deep_7_3_15_5_No1_p70_ao98_am15_1_m12_ao98_am12_1,98,1,SATISFIED,0.0838,171723186.0,1
mopno-b-min,bom_deep_7_3_15_5_No1_p70_ao98_am15_1_m12_ao98_am12_2,98,1,SATISFIED,0.084,131612695.0,1
mopno-b-min,bom_deep_7_3_15_5_No1_p70_ao98_am15_1_m12_ao98_am12_3,98,1,SATISFIED,0.0846,241666257.0,1
mopno-b-min,bom_deep_7_3_15_5_No1_p70_ao98_am15_1_m12_ao98_am12_4,98,1,SATISFIED,0.0837,118997546.0,1
mopno-b-min,bom_deep_7_3_15_5_No1_p70_ao98_am15_1_m12_ao98_am12_5,98,1,SATISFIED,0.0842,174777624.0,1
mopno-b-min,bom_deep_7_3_15_5_No1_p70_ao98_am15_1_m25_ao98_am25_1,98,1,SATISFIED,0.0838,127757448.0,1
mopno-b-min,bom_deep_7_3_15_5_No1_p70_ao98_am15_1_m25_ao98_am25_2,98,1,SATISFIED,0.0846,131292900.0,1
mopno-b-min,bom_deep_7_3_15_5_No1_p70_ao98_am15_1_m25_ao98_am25_3,98,1,SATISFIED,0.0838,148113660.0,1
mopno-b-min,bom_deep_7_3_15_5_No1_p70_ao98_am15_1_m25_ao98_am25_4,98,1,SATISFIED,0.0839,79683996.0,1
mopno-b-min,bom_deep_7_3_15_5_No1_p70_ao98_am15_1_m25_ao98_am25_5,98,1,SATISFIED,0.0845,219875160.0,1
mopno-b-min,bom_deep_7_3_15_5_No1_p70_ao98_am15_2,98,1,SATISFIED,0.0837,148780440.0,1
mopno-b-min,bom_deep_7_3_15_5_No1_p70_ao98_am15_2_m12_ao98_am12_1,98,1,UNSATISFIED,0.0803,-1.0,1
mopno-b-min,bom_deep_7_3_15_5_No1_p70_ao98_am15_2_m12_ao98_am12_2,98,1,SATISFIED,0.0839,161221272.0,1
mopno-b-min,bom_deep_7_3_15_5_No1_p70_ao98_am15_2_m12_ao98_am12_3,98,1,SATISFIED,0.0832,115466534.0,1
mopno-b-min,bom_deep_7_3_15_5_No1_p70_ao98_am15_2_m12_ao98_am12_4,98,1,SATISFIED,0.0833,182550532.0,1
mopno-b-min,bom_deep_7_3_15_5_No1_p70_ao98_am15_2_m12_ao98_am12_5,98,1,SATISFIED,0.0838,141458869.0,1
mopno-b-min,bom_deep_7_3_15_5_No1_p70_ao98_am15_2_m25_ao98_am24_1,98,1,SATISFIED,0.0834,226185666.0,1
mopno-b-min,bom_deep_7_3_15_5_No1_p70_ao98_am15_2_m25_ao98_am25_2,98,1,SATISFIED,0.0834,277972344.0,1
mopno-b-min,bom_deep_7_3_15_5_No1_p70_ao98_am15_2_m25_ao98_am25_3,98,1,SATISFIED,0.0834,164103580.0,1
mopno-b-min,bom_deep_7_3_15_5_No1_p70_ao98_am15_2_m25_ao98_am25_4,98,1,SATISFIED,0.0837,204741000.0,1
mopno-b-min,bom_deep_7_3_15_5_No1_p70_ao98_am15_2_m25_ao98_am25_5,98,1,SATISFIED,0.0834,120380124.0,1
mopno-b-min,bom_deep_7_3_15_5_No1_p70_ao98_am15_3,98,1,SATISFIED,0.0769,376168860.0,1
mopno-b-min,bom_deep_7_3_15_5_No1_p70_ao98_am15_3_m12_ao98_am12_1,98,1,SATISFIED,0.0768,331719396.0,1
mopno-b-min,bom_deep_7_3_15_5_No1_p70_ao98_am15_3_m12_ao98_am12_2,98,1,SATISFIED,0.0771,478944225.0,1
mopno-b-min,bom_deep_7_3_15_5_No1_p70_ao98_am15_3_m12_ao98_am12_3,98,1,SATISFIED,0.0771,246486343.0,1
mopno-b-min,bom_deep_7_3_15_5_No1_p70_ao98_am15_3_m12_ao98_am12_4,98,1,UNSATISFIED,0.0819,-1.0,1
mopno-b-min,bom_deep_7_3_15_5_No1_p70_ao98_am15_3_m12_ao98_am12_5,98,1,SATISFIED,0.1439,551324133.0,1
mopno-b-min,bom_deep_7_3_15_5_No1_p70_ao98_am15_3_m25_ao98_am23_3,98,1,SATISFIED,0.1445,698435730.0,1
mopno-b-min,bom_deep_7_3_15_5_No1_p70_ao98_am15_3_m25_ao98_am25_1,98,1,SATISFIED,0.144,454587468.0,1
mopno-b-min,bom_deep_7_3_15_5_No1_p70_ao98_am15_3_m25_ao98_am25_2,98,1,SATISFIED,0.1447,273244535.0,1
mopno-b-min,bom_deep_7_3_15_5_No1_p70_ao98_am15_3_m25_ao98_am25_4,98,1,SATISFIED,0.145,505479960.0,1
mopno-b-min,bom_deep_7_3_15_5_No1_p70_ao98_am15_3_m25_ao98_am25_5,98,1,SATISFIED,0.1438,211011210.0,1
mopno-b-min,bom_deep_7_3_15_5_No1_p70_ao98_am15_4,98,1,SATISFIED,0.1464,246357585.0,1
mopno-b-min,bom_deep_7_3_15_5_No1_p70_ao98_am15_4_m12_ao98_am12_1,98,1,SATISFIED,0.1446,256188594.0,1
mopno-b-min,bom_deep_7_3_15_5_No1_p70_ao98_am15_4_m12_ao98_am12_2,98,1,SATISFIED,0.1353,235483560.0,1
mopno-b-min,bom_deep_7_3_15_5_No1_p70_ao98_am15_4_m12_ao98_am12_3,98,1,SATISFIED,0.1238,235863000.0,1
mopno-b-min,bom_deep_7_3_15_5_No1_p70_ao98_am15_4_m12_ao98_am12_4,98,1,SATISFIED,0.1125,259219800.0,1
mopno-b-min,bom_deep_7_3_15_5_No1_p70_ao98_am15_4_m12_ao98_am12_5,98,1,SATISFIED,0.1085,413586129.0,1
mopno-b-min,bom_deep_7_3_15_5_No1_p70_ao98_am15_4_m25_ao98_am25_1,98,1,SATISFIED,0.1484,200736168.0,1
mopno-b-min,bom_deep_7_3_15_5_No1_p70_ao98_am15_4_m25_ao98_am25_2,98,1,SATISFIED,0.1475,264111036.0,1
mopno-b-min,bom_deep_7_3_15_5_No1_p70_ao98_am15_4_m25_ao98_am25_3,98,1,SATISFIED,0.1477,326767611.0,1
mopno-b-min,bom_deep_7_3_15_5_No1_p70_ao98_am15_4_m25_ao98_am25_4,98,1,SATISFIED,0.1478,366829803.0,1
mopno-b-min,bom_deep_7_3_15_5_No1_p70_ao98_am15_4_m25_ao98_am25_5,98,1,SATISFIED,0.1481,196729425.0,1
mopno-b-min,bom_deep_7_3_15_5_No1_p70_ao98_am15_5,98,1,UNSATISFIED,0.1257,-1.0,1
mopno-b-min,bom_deep_7_3_15_5_No1_p70_ao98_am15_5_m12_ao98_am12_1,98,1,SATISFIED,0.1419,412420776.0,1
mopno-b-min,bom_deep_7_3_15_5_No1_p70_ao98_am15_5_m12_ao98_am12_2,98,1,SATISFIED,0.135,620640000.0,1
mopno-b-min,bom_deep_7_3_15_5_No1_p70_ao98_am15_5_m12_ao98_am12_3,98,1,SATISFIED,0.127,298575741.0,1
mopno-b-min,bom_deep_7_3_15_5_No1_p70_ao98_am15_5_m12_ao98_am12_4,98,1,SATISFIED,0.1119,456566415.0,1
mopno-b-min,bom_deep_7_3_15_5_No1_p70_ao98_am15_5_m12_ao98_am12_5,98,1,SATISFIED,0.1015,417489432.0,1
mopno-b-min,bom_deep_7_3_15_5_No1_p70_ao98_am15_5_m25_ao98_am25_1,98,1,SATISFIED,0.0925,403624104.0,1
mopno-b-min,bom_deep_7_3_15_5_No1_p70_ao98_am15_5_m25_ao98_am25_2,98,1,SATISFIED,0.085,160510230.0,1
mopno-b-min,bom_deep_7_3_15_5_No1_p70_ao98_am15_5_m25_ao98_am25_3,98,1,SATISFIED,0.079,108219663.0,1
mopno-b-min,bom_deep_7_3_15_5_No1_p70_ao98_am15_5_m25_ao98_am25_4,98,1,SATISFIED,0.0736,209046764.0,1
mopno-b-min,bom_deep_7_3_15_5_No1_p70_ao98_am15_5_m25_ao98_am25_5,98,1,SATISFIED,0.0735,480120334.0,1
mopno-b-min,bom_deep_7_3_15_5_No1_p80_ao104_am15_1,104,1,SATISFIED,0.1016,428960670.0,1
mopno-b-min,bom_deep_7_3_15_5_No1_p80_ao104_am15_1_m17_ao104_am16_1,104,1,SATISFIED,0.1003,428775612.0,1
mopno-b-min,bom_deep_7_3_15_5_No1_p80_ao104_am15_1_m17_ao104_am16_2,104,1,SATISFIED,0.1003,161681580.0,1
mopno-b-min,bom_deep_7_3_15_5_No1_p80_ao104_am15_1_m17_ao104_am16_5,104,1,SATISFIED,0.1006,454825935.0,1
mopno-b-min,bom_deep_7_3_15_5_No1_p80_ao104_am15_1_m17_ao104_am17_3,104,1,SATISFIED,0.1007,213022098.0,1
mopno-b-min,bom_deep_7_3_15_5_No1_p80_ao104_am15_1_m17_ao104_am17_4,104,1,SATISFIED,0.1009,347756250.0,1
mopno-b-min,bom_deep_7_3_15_5_No1_p80_ao104_am15_1_m45_ao104_am43_3,104,1,SATISFIED,0.1012,402468835.0,1
mopno-b-min,bom_deep_7_3_15_5_No1_p80_ao104_am15_1_m45_ao104_am45_1,104,1,SATISFIED,0.1026,331889544.0,1
mopno-b-min,bom_deep_7_3_15_5_No1_p80_ao104_am15_1_m45_ao104_am45_2,104,1,SATISFIED,0.1023,207403575.0,1
mopno-b-min,bom_deep_7_3_15_5_No1_p80_ao104_am15_1_m45_ao104_am45_4,104,1,SATISFIED,0.1021,265742523.0,1
mopno-b-min,bom_deep_7_3_15_5_No1_p80_ao104_am15_1_m45_ao104_am45_5,104,1,SATISFIED,0.1023,241875219.0,1
mopno-b-min,bom_deep_7_3_15_5_No1_p80_ao104_am15_2,104,1,SATISFIED,0.0992,264739500.0,1
mopno-b-min,bom_deep_7_3_15_5_No1_p80_ao104_am15_2_m17_ao104_am15_1,104,1,SATISFIED,0.0979,309373290.0,1
mopno-b-min,bom_deep_7_3_15_5_No1_p80_ao104_am15_2_m17_ao104_am16_3,104,1,SATISFIED,0.0979,353095800.0,1
mopno-b-min,bom_deep_7_3_15_5_No1_p80_ao104_am15_2_m17_ao104_am17_2,104,1,SATISFIED,0.0979,279242460.0,1
mopno-b-min,bom_deep_7_3_15_5_No1_p80_ao104_am15_2_m17_ao104_am17_4,104,1,SATISFIED,0.098,301963530.0,1
mopno-b-min,bom_deep_7_3_15_5_No1_p80_ao104_am15_2_m17_ao104_am17_5,104,1,SATISFIED,0.098,317643975.0,1
mopno-b-min,bom_deep_7_3_15_5_No1_p80_ao104_am15_2_m45_ao104_am44_4,104,1,SATISFIED,0.0995,66666940.0,1
mopno-b-min,bom_deep_7_3_15_5_No1_p80_ao104_am15_2_m45_ao104_am45_1,104,1,SATISFIED,0.0995,190939716.0,1
mopno-b-min,bom_deep_7_3_15_5_No1_p80_ao104_am15_2_m45_ao104_am45_2,104,1,SATISFIED,0.0992,110727180.0,1
mopno-b-min,bom_deep_7_3_15_5_No1_p80_ao104_am15_2_m45_ao104_am45_3,104,1,SATISFIED,0.099,65908440.0,1
mopno-b-min,bom_deep_7_3_15_5_No1_p80_ao104_am15_2_m45_ao104_am45_5,104,1,SATISFIED,0.0988,178662654.0,1
mopno-b-min,bom_deep_7_3_15_5_No1_p80_ao104_am15_3,104,1,SATISFIED,0.1042,423518085.0,1
mopno-b-min,bom_deep_7_3_15_5_No1_p80_ao104_am15_3_m17_ao104_am16_2,104,1,SATISFIED,0.1021,327139236.0,1
mopno-b-min,bom_deep_7_3_15_5_No1_p80_ao104_am15_3_m17_ao104_am16_5,104,1,SATISFIED,0.1032,247081200.0,1
mopno-b-min,bom_deep_7_3_15_5_No1_p80_ao104_am15_3_m17_ao104_am17_1,104,1,SATISFIED,0.1034,559304370.0,1
mopno-b-min,bom_deep_7_3_15_5_No1_p80_ao104_am15_3_m17_ao104_am17_3,104,1,SATISFIED,0.1035,917375490.0,1
mopno-b-min,bom_deep_7_3_15_5_No1_p80_ao104_am15_3_m17_ao104_am17_4,104,1,SATISFIED,0.1038,206195175.0,1
mopno-b-min,bom_deep_7_3_15_5_No1_p80_ao104_am15_3_m45_ao104_am44_2,104,1,SATISFIED,0.1046,391375796.0,1
mopno-b-min,bom_deep_7_3_15_5_No1_p80_ao104_am15_3_m45_ao104_am44_3,104,1,SATISFIED,0.104,316970712.0,1
mopno-b-min,bom_deep_7_3_15_5_No1_p80_ao104_am15_3_m45_ao104_am45_1,104,1,SATISFIED,0.1046,385266708.0,1
mopno-b-min,bom_deep_7_3_15_5_No1_p80_ao104_am15_3_m45_ao104_am45_4,104,1,SATISFIED,0.1044,550283292.0,1
mopno-b-min,bom_deep_7_3_15_5_No1_p80_ao104_am15_3_m45_ao104_am45_5,104,1,SATISFIED,0.1043,547976373.0,1
mopno-b-min,bom_deep_7_3_15_5_No1_p80_ao104_am15_4,104,1,SATISFIED,0.1008,204841980.0,1
mopno-b-min,bom_deep_7_3_15_5_No1_p80_ao104_am15_4_m17_ao104_am17_1,104,1,SATISFIED,0.1023,317924370.0,1
mopno-b-min,bom_deep_7_3_15_5_No1_p80_ao104_am15_4_m17_ao104_am17_2,104,1,SATISFIED,0.1001,182438865.0,1
mopno-b-min,bom_deep_7_3_15_5_No1_p80_ao104_am15_4_m17_ao104_am17_3,104,1,SATISFIED,0.1001,420338610.0,1
mopno-b-min,bom_deep_7_3_15_5_No1_p80_ao104_am15_4_m17_ao104_am17_4,104,1,SATISFIED,0.1005,517579080.0,1
mopno-b-min,bom_deep_7_3_15_5_No1_p80_ao104_am15_4_m17_ao104_am17_5,104,1,SATISFIED,0.1011,106821105.0,1
mopno-b-min,bom_deep_7_3_15_5_No1_p80_ao104_am15_4_m45_ao104_am45_1,104,1,SATISFIED,0.1027,303583716.0,1
mopno-b-min,bom_deep_7_3_15_5_No1_p80_ao104_am15_4_m45_ao104_am45_2,104,1,SATISFIED,0.1018,289058645.0,1
mopno-b-min,bom_deep_7_3_15_5_No1_p80_ao104_am15_4_m45_ao104_am45_3,104,1,SATISFIED,0.1027,100373925.0,1
mopno-b-min,bom_deep_7_3_15_5_No1_p80_ao104_am15_4_m45_ao104_am45_4,104,1,SATISFIED,0.102,297140688.0,1
mopno-b-min,bom_deep_7_3_15_5_No1_p80_ao104_am15_4_m45_ao104_am45_5,104,1,SATISFIED,0.1034,527575095.0,1
mopno-b-min,bom_deep_7_3_15_5_No1_p80_ao104_am15_5,104,1,SATISFIED,0.0997,103382160.0,1
mopno-b-min,bom_deep_7_3_15_5_No1_p80_ao104_am15_5_m17_ao104_am17_1,104,1,SATISFIED,0.0985,283529220.0,1
mopno-b-min,bom_deep_7_3_15_5_No1_p80_ao104_am15_5_m17_ao104_am17_2,104,1,SATISFIED,0.0983,340177995.0,1
mopno-b-min,bom_deep_7_3_15_5_No1_p80_ao104_am15_5_m17_ao104_am17_3,104,1,SATISFIED,0.1008,133560675.0,1
mopno-b-min,bom_deep_7_3_15_5_No1_p80_ao104_am15_5_m17_ao104_am17_4,104,1,SATISFIED,0.0987,90344490.0,1
mopno-b-min,bom_deep_7_3_15_5_No1_p80_ao104_am15_5_m17_ao104_am17_5,104,1,SATISFIED,0.0996,249316338.0,1
mopno-b-min,bom_deep_7_3_15_5_No1_p80_ao104_am15_5_m45_ao104_am44_1,104,1,SATISFIED,0.1014,144794406.0,1
mopno-b-min,bom_deep_7_3_15_5_No1_p80_ao104_am15_5_m45_ao104_am44_3,104,1,SATISFIED,0.0995,71494376.0,1
mopno-b-min,bom_deep_7_3_15_5_No1_p80_ao104_am15_5_m45_ao104_am45_2,104,1,SATISFIED,0.1002,291595206.0,1
mopno-b-min,bom_deep_7_3_15_5_No1_p80_ao104_am15_5_m45_ao104_am45_4,104,1,SATISFIED,0.0996,138693482.0,1
mopno-b-min,bom_deep_7_3_15_5_No1_p80_ao104_am15_5_m45_ao104_am45_5,104,1,SATISFIED,0.0998,174544020.0,1
mopno-min-min,bom_deep_7_3_15_5_No1_p70_ao98_am15_1,98,1,SATISFIED,0.0842,151372170.0,1
mopno-min-min,bom_deep_7_3_15_5_No1_p70_ao98_am15_1_m12_ao98_am12_1,98,1,SATISFIED,0.0838,182449110.0,1
mopno-min-min,bom_deep_7_3_15_5_No1_p70_ao98_am15_1_m12_ao98_am12_2,98,1,SATISFIED,0.0839,131612695.0,1
mopno-min-min,bom_deep_7_3_15_5_No1_p70_ao98_am15_1_m12_ao98_am12_3,98,1,SATISFIED,0.0836,191697372.0,1
mopno-min-min,bom_deep_7_3_15_5_No1_p70_ao98_am15_1_m12_ao98_am12_4,98,1,SATISFIED,0.0841,138313496.0,1
mopno-min-min,bom_deep_7_3_15_5_No1_p70_ao98_am15_1_m12_ao98_am12_5,98,1,UNSATISFIED,0.0777,-1.0,1
mopno-min-min,bom_deep_7_3_15_5_No1_p70_ao98_am15_1_m25_ao98_am25_1,98,1,SATISFIED,0.0837,139559748.0,1
mopno-min-min,bom_deep_7_3_15_5_No1_p70_ao98_am15_1_m25_ao98_am25_2,98,1,SATISFIED,0.0841,131292900.0,1
mopno-min-min,bom_deep_7_3_15_5_No1_p70_ao98_am15_1_m25_ao98_am25_3,98,1,SATISFIED,0.0837,148113660.0,1
mopno-min-min,bom_deep_7_3_15_5_No1_p70_ao98_am15_1_m25_ao98_am25_4,98,1,SATISFIED,0.0844,79683996.0,1
mopno-min-min,bom_deep_7_3_15_5_No1_p70_ao98_am15_1_m25_ao98_am25_5,98,1,SATISFIED,0.0841,188804535.0,1
mopno-min-min,bom_deep_7_3_15_5_No1_p70_ao98_am15_2,98,1,SATISFIED,0.0834,148780440.0,1
mopno-min-min,bom_deep_7_3_15_5_No1_p70_ao98_am15_2_m12_ao98_am12_1,98,1,UNSATISFIED,0.0811,-1.0,1
mopno-min-min,bom_deep_7_3_15_5_No1_p70_ao98_am15_2_m12_ao98_am12_2,98,1,SATISFIED,0.0841,188475927.0,1
mopno-min-min,bom_deep_7_3_15_5_No1_p70_ao98_am15_2_m12_ao98_am12_3,98,1,SATISFIED,0.0838,116736659.0,1
mopno-min-min,bom_deep_7_3_15_5_No1_p70_ao98_am15_2_m12_ao98_am12_4,98,1,SATISFIED,0.0834,264155032.0,1
mopno-min-min,bom_deep_7_3_15_5_No1_p70_ao98_am15_2_m12_ao98_am12_5,98,1,SATISFIED,0.0836,142513219.0,1
mopno-min-min,bom_deep_7_3_15_5_No1_p70_ao98_am15_2_m25_ao98_am24_1,98,1,SATISFIED,0.0839,226185666.0,1
mopno-min-min,bom_deep_7_3_15_5_No1_p70_ao98_am15_2_m25_ao98_am25_2,98,1,SATISFIED,0.0837,277972344.0,1
mopno-min-min,bom_deep_7_3_15_5_No1_p70_ao98_am15_2_m25_ao98_am25_3,98,1,SATISFIED,0.0837,164103580.0,1
mopno-min-min,bom_deep_7_3_15_5_No1_p70_ao98_am15_2_m25_ao98_am25_4,98,1,SATISFIED,0.0833,204741000.0,1
mopno-min-min,bom_deep_7_3_15_5_No1_p70_ao98_am15_2_m25_ao98_am25_5,98,1,SATISFIED,0.0838,110789724.0,1
mopno-min-min,bom_deep_7_3_15_5_No1_p70_ao98_am15_3,98,1,UNSATISFIED,0.0739,-1.0,1
mopno-min-min,bom_deep_7_3_15_5_No1_p70_ao98_am15_3_m12_ao98_am12_1,98,1,SATISFIED,0.0767,362765046.0,1
mopno-min-min,bom_deep_7_3_15_5_No1_p70_ao98_am15_3_m12_ao98_am12_2,98,1,SATISFIED,0.1451,469760325.0,1
mopno-min-min,bom_deep_7_3_15_5_No1_p70_ao98_am15_3_m12_ao98_am12_3,98,1,SATISFIED,0.1461,264623218.0,1
mopno-min-min,bom_deep_7_3_15_5_No1_p70_ao98_am15_3_m12_ao98_am12_4,98,1,UNSATISFIED,0.1391,-1.0,1
mopno-min-min,bom_deep_7_3_15_5_No1_p70_ao98_am15_3_m12_ao98_am12_5,98,1,SATISFIED,0.1447,551324133.0,1
mopno-min-min,bom_deep_7_3_15_5_No1_p70_ao98_am15_3_m25_ao98_am23_3,98,1,SATISFIED,0.1459,357628230.0,1
mopno-min-min,bom_deep_7_3_15_5_No1_p70_ao98_am15_3_m25_ao98_am25_1,98,1,SATISFIED,0.1438,484764468.0,1
mopno-min-min,bom_deep_7_3_15_5_No1_p70_ao98_am15_3_m25_ao98_am25_2,98,1,SATISFIED,0.1434,304876055.0,1
mopno-min-min,bom_deep_7_3_15_5_No1_p70_ao98_am15_3_m25_ao98_am25_4,98,1,SATISFIED,0.1434,505479960.0,1
mopno-min-min,bom_deep_7_3_15_5_No1_p70_ao98_am15_3_m25_ao98_am25_5,98,1,SATISFIED,0.1414,294448260.0,1
mopno-min-min,bom_deep_7_3_15_5_No1_p70_ao98_am15_4,98,1,SATISFIED,0.1327,246357585.0,1
mopno-min-min,bom_deep_7_3_15_5_No1_p70_ao98_am15_4_m12_ao98_am12_1,98,1,SATISFIED,0.12,289622724.0,1
mopno-min-min,bom_deep_7_3_15_5_No1_p70_ao98_am15_4_m12_ao98_am12_2,98,1,SATISFIED,0.1076,235483560.0,1
mopno-min-min,bom_deep_7_3_15_5_No1_p70_ao98_am15_4_m12_ao98_am12_3,98,1,SATISFIED,0.0975,237333300.0,1
mopno-min-min,bom_deep_7_3_15_5_No1_p70_ao98_am15_4_m12_ao98_am12_4,98,1,SATISFIED,0.0904,259022580.0,1
mopno-min-min,bom_deep_7_3_15_5_No1_p70_ao98_am15_4_m12_ao98_am12_5,98,1,SATISFIED,0.0788,359077992.0,1
mopno-min-min,bom_deep_7_3_15_5_No1_p70_ao98_am15_4_m25_ao98_am25_1,98,1,SATISFIED,0.0785,198069078.0,1
mopno-min-min,bom_deep_7_3_15_5_No1_p70_ao98_am15_4_m25_ao98_am25_2,98,1,SATISFIED,0.079,267082428.0,1
mopno-min-min,bom_deep_7_3_15_5_No1_p70_ao98_am15_4_m25_ao98_am25_3,98,1,SATISFIED,0.0791,352482711.0,1
mopno-min-min,bom_deep_7_3_15_5_No1_p70_ao98_am15_4_m25_ao98_am25_4,98,1,SATISFIED,0.0793,366829803.0,1
mopno-min-min,bom_deep_7_3_15_5_No1_p70_ao98_am15_4_m25_ao98_am25_5,98,1,SATISFIED,0.0791,196729425.0,1
mopno-min-min,bom_deep_7_3_15_5_No1_p70_ao98_am15_5,98,1,UNSATISFIED,0.0684,-1.0,1
mopno-min-min,bom_deep_7_3_15_5_No1_p70_ao98_am15_5_m12_ao98_am12_1,98,1,SATISFIED,0.0733,454416168.0,1
mopno-min-min,bom_deep_7_3_15_5_No1_p70_ao98_am15_5_m12_ao98_am12_2,98,1,SATISFIED,0.0738,598454415.0,1
mopno-min-min,bom_deep_7_3_15_5_No1_p70_ao98_am15_5_m12_ao98_am12_3,98,1,SATISFIED,0.074,375368706.0,1
mopno-min-min,bom_deep_7_3_15_5_No1_p70_ao98_am15_5_m12_ao98_am12_4,98,1,SATISFIED,0.0737,684467265.0,1
mopno-min-min,bom_deep_7_3_15_5_No1_p70_ao98_am15_5_m12_ao98_am12_5,98,1,SATISFIED,0.0745,437836017.0,1
mopno-min-min,bom_deep_7_3_15_5_No1_p70_ao98_am15_5_m25_ao98_am25_1,98,1,SATISFIED,0.0744,420620256.0,1
mopno-min-min,bom_deep_7_3_15_5_No1_p70_ao98_am15_5_m25_ao98_am25_2,98,1,SATISFIED,0.0742,160510230.0,1
mopno-min-min,bom_deep_7_3_15_5_No1_p70_ao98_am15_5_m25_ao98_am25_3,98,1,SATISFIED,0.0744,108219663.0,1
mopno-min-min,bom_deep_7_3_15_5_No1_p70_ao98_am15_5_m25_ao98_am25_4,98,1,SATISFIED,0.0744,247032056.0,1
mopno-min-min,bom_deep_7_3_15_5_No1_p70_ao98_am15_5_m25_ao98_am25_5,98,1,SATISFIED,0.0741,528243934.0,1
mopno-min-min,bom_deep_7_3_15_5_No1_p80_ao104_am15_1,104,1,SATISFIED,0.1948,428960670.0,1
mopno-min-min,bom_deep_7_3_15_5_No1_p80_ao104_am15_1_m17_ao104_am16_1,104,1,SATISFIED,0.1018,428775612.0,1
mopno-min-min,bom_deep_7_3_15_5_No1_p80_ao104_am15_1_m17_ao104_am16_2,104,1,SATISFIED,0.102,161681580.0,1
mopno-min-min,bom_deep_7_3_15_5_No1_p80_ao104_am15_1_m17_ao104_am16_5,104,1,SATISFIED,0.1016,454825935.0,1
mopno-min-min,bom_deep_7_3_15_5_No1_p80_ao104_am15_1_m17_ao104_am17_3,104,1,SATISFIED,0.1024,213022098.0,1
mopno-min-min,bom_deep_7_3_15_5_No1_p80_ao104_am15_1_m17_ao104_am17_4,104,1,SATISFIED,0.1017,347756250.0,1
mopno-min-min,bom_deep_7_3_15_5_No1_p80_ao104_am15_1_m45_ao104_am43_3,104,1,SATISFIED,0.1023,478095985.0,1
mopno-min-min,bom_deep_7_3_15_5_No1_p80_ao104_am15_1_m45_ao104_am45_1,104,1,SATISFIED,0.1026,331889544.0,1
mopno-min-min,bom_deep_7_3_15_5_No1_p80_ao104_am15_1_m45_ao104_am45_2,104,1,SATISFIED,0.1018,207570195.0,1
mopno-min-min,bom_deep_7_3_15_5_No1_p80_ao104_am15_1_m45_ao104_am45_4,104,1,SATISFIED,0.1015,266218047.0,1
mopno-min-min,bom_deep_7_3_15_5_No1_p80_ao104_am15_1_m45_ao104_am45_5,104,1,SATISFIED,0.1022,304700319.0,1
mopno-min-min,bom_deep_7_3_15_5_No1_p80_ao104_am15_2,104,1,SATISFIED,0.0991,264739500.0,1
mopno-min-min,bom_deep_7_3_15_5_No1_p80_ao104_am15_2_m17_ao104_am15_1,104,1,SATISFIED,0.0988,309373290.0,1
mopno-min-min,bom_deep_7_3_15_5_No1_p80_ao104_am15_2_m17_ao104_am16_3,104,1,SATISFIED,0.0991,353095800.0,1
mopno-min-min,bom_deep_7_3_15_5_No1_p80_ao104_am15_2_m17_ao104_am17_2,104,1,SATISFIED,0.0989,279242460.0,1
mopno-min-min,bom_deep_7_3_15_5_No1_p80_ao104_am15_2_m17_ao104_am17_4,104,1,SATISFIED,0.0993,298287630.0,1
mopno-min-min,bom_deep_7_3_15_5_No1_p80_ao104_am15_2_m17_ao104_am17_5,104,1,SATISFIED,0.0989,328425375.0,1
mopno-min-min,bom_deep_7_3_15_5_No1_p80_ao104_am15_2_m45_ao104_am44_4,104,1,SATISFIED,0.0999,66666940.0,1
mopno-min-min,bom_deep_7_3_15_5_No1_p80_ao104_am15_2_m45_ao104_am45_1,104,1,SATISFIED,0.0991,191021676.0,1
mopno-min-min,bom_deep_7_3_15_5_No1_p80_ao104_am15_2_m45_ao104_am45_2,104,1,SATISFIED,0.1,110727180.0,1
mopno-min-min,bom_deep_7_3_15_5_No1_p80_ao104_am15_2_m45_ao104_am45_3,104,1,SATISFIED,0.0994,65908440.0,1
mopno-min-min,bom_deep_7_3_15_5_No1_p80_ao104_am15_2_m45_ao104_am45_5,104,1,SATISFIED,0.0999,178662654.0,1
mopno-min-min,bom_deep_7_3_15_5_No1_p80_ao104_am15_3,104,1,SATISFIED,0.1053,423518085.0,1
mopno-min-min,bom_deep_7_3_15_5_No1_p80_ao104_am15_3_m17_ao104_am16_2,104,1,SATISFIED,0.1047,316934736.0,1
mopno-min-min,bom_deep_7_3_15_5_No1_p80_ao104_am15_3_m17_ao104_am16_5,104,1,SATISFIED,0.1049,245258700.0,1
mopno-min-min,bom_deep_7_3_15_5_No1_p80_ao104_am15_3_m17_ao104_am17_1,104,1,SATISFIED,0.1056,559304370.0,1
mopno-min-min,bom_deep_7_3_15_5_No1_p80_ao104_am15_3_m17_ao104_am17_3,104,1,SATISFIED,0.1051,917375490.0,1
mopno-min-min,bom_deep_7_3_15_5_No1_p80_ao104_am15_3_m17_ao104_am17_4,104,1,SATISFIED,0.1043,206195175.0,1
mopno-min-min,bom_deep_7_3_15_5_No1_p80_ao104_am15_3_m45_ao104_am44_2,104,1,SATISFIED,0.1053,391375796.0,1
mopno-min-min,bom_deep_7_3_15_5_No1_p80_ao104_am15_3_m45_ao104_am44_3,104,1,SATISFIED,0.1049,316970712.0,1
mopno-min-min,bom_deep_7_3_15_5_No1_p80_ao104_am15_3_m45_ao104_am45_1,104,1,SATISFIED,0.1048,406388958.0,1
mopno-min-min,bom_deep_7_3_15_5_No1_p80_ao104_am15_3_m45_ao104_am45_4,104,1,SATISFIED,0.1046,550283292.0,1
mopno-min-min,bom_deep_7_3_15_5_No1_p80_ao104_am15_3_m45_ao104_am45_5,104,1,SATISFIED,0.1046,547976373.0,1
mopno-min-min,bom_deep_7_3_15_5_No1_p80_ao104_am15_4,104,1,SATISFIED,0.1016,204841980.0,1
mopno-min-min,bom_deep_7_3_15_5_No1_p80_ao104_am15_4_m17_ao104_am17_1,104,1,SATISFIED,0.1017,317924370.0,1
mopno-min-min,bom_deep_7_3_15_5_No1_p80_ao104_am15_4_m17_ao104_am17_2,104,1,SATISFIED,0.1013,151583415.0,1
mopno-min-min,bom_deep_7_3_15_5_No1_p80_ao104_am15_4_m17_ao104_am17_3,104,1,SATISFIED,0.1009,420338610.0,1
mopno-min-min,bom_deep_7_3_15_5_No1_p80_ao104_am15_4_m17_ao104_am17_4,104,1,SATISFIED,0.1011,543659055.0,1
mopno-min-min,bom_deep_7_3_15_5_No1_p80_ao104_am15_4_m17_ao104_am17_5,104,1,SATISFIED,0.1012,105027780.0,1
mopno-min-min,bom_deep_7_3_15_5_No1_p80_ao104_am15_4_m45_ao104_am45_1,104,1,SATISFIED,0.1018,308774886.0,1
mopno-min-min,bom_deep_7_3_15_5_No1_p80_ao104_am15_4_m45_ao104_am45_2,104,1,SATISFIED,0.1024,285654845.0,1
mopno-min-min,bom_deep_7_3_15_5_No1_p80_ao104_am15_4_m45_ao104_am45_3,104,1,SATISFIED,0.1015,100373925.0,1
mopno-min-min,bom_deep_7_3_15_5_No1_p80_ao104_am15_4_m45_ao104_am45_4,104,1,SATISFIED,0.101,297140688.0,1
mopno-min-min,bom_deep_7_3_15_5_No1_p80_ao104_am15_4_m45_ao104_am45_5,104,1,SATISFIED,0.101,527575095.0,1
mopno-min-min,bom_deep_7_3_15_5_No1_p80_ao104_am15_5,104,1,SATISFIED,0.0995,78108660.0,1
mopno-min-min,bom_deep_7_3_15_5_No1_p80_ao104_am15_5_m17_ao104_am17_1,104,1,SATISFIED,0.0994,206360034.0,1
mopno-min-min,bom_deep_7_3_15_5_No1_p80_ao104_am15_5_m17_ao104_am17_2,104,1,SATISFIED,0.0992,340177995.0,1
mopno-min-min,bom_deep_7_3_15_5_No1_p80_ao104_am15_5_m17_ao104_am17_3,104,1,SATISFIED,0.0986,120976950.0,1
mopno-min-min,bom_deep_7_3_15_5_No1_p80_ao104_am15_5_m17_ao104_am17_4,104,1,UNSATISFIED,0.0931,-1.0,1
mopno-min-min,bom_deep_7_3_15_5_No1_p80_ao104_am15_5_m17_ao104_am17_5,104,1,UNSATISFIED,0.0975,-1.0,1
mopno-min-min,bom_deep_7_3_15_5_No1_p80_ao104_am15_5_m45_ao104_am44_1,104,1,SATISFIED,0.0998,127054476.0,1
mopno-min-min,bom_deep_7_3_15_5_No1_p80_ao104_am15_5_m45_ao104_am44_3,104,1,SATISFIED,0.0991,71494376.0,1
mopno-min-min,bom_deep_7_3_15_5_No1_p80_ao104_am15_5_m45_ao104_am45_2,104,1,SATISFIED,0.1,273474081.0,1
mopno-min-min,bom_deep_7_3_15_5_No1_p80_ao104_am15_5_m45_ao104_am45_4,104,1,SATISFIED,0.0995,220626482.0,1
mopno-min-min,bom_deep_7_3_15_5_No1_p80_ao104_am15_5_m45_ao104_am45_5,104,1,SATISFIED,0.1006,225645930.0,1
mopno-max-min,bom_deep_7_3_15_5_No1_p70_ao98_am15_1,98,1,UNSATISFIED,0.0832,-1.0,1
mopno-max-min,bom_deep_7_3_15_5_No1_p70_ao98_am15_1_m12_ao98_am12_1,98,1,UNSATISFIED,0.0813,-1.0,1
mopno-max-min,bom_deep_7_3_15_5_No1_p70_ao98_am15_1_m12_ao98_am12_2,98,1,UNSATISFIED,0.0757,-1.0,1
mopno-max-min,bom_deep_7_3_15_5_No1_p70_ao98_am15_1_m12_ao98_am12_3,98,1,UNSATISFIED,0.0783,-1.0,1
mopno-max-min,bom_deep_7_3_15_5_No1_p70_ao98_am15_1_m12_ao98_am12_4,98,1,UNSATISFIED,0.0761,-1.0,1
mopno-max-min,bom_deep_7_3_15_5_No1_p70_ao98_am15_1_m12_ao98_am12_5,98,1,UNSATISFIED,0.0776,-1.0,1
mopno-max-min,bom_deep_7_3_15_5_No1_p70_ao98_am15_1_m25_ao98_am25_1,98,1,SATISFIED,0.084,274355280.0,1
mopno-max-min,bom_deep_7_3_15_5_No1_p70_ao98_am15_1_m25_ao98_am25_2,98,1,UNSATISFIED,0.08,-1.0,1
mopno-max-min,bom_deep_7_3_15_5_No1_p70_ao98_am15_1_m25_ao98_am25_3,98,1,UNSATISFIED,0.0756,-1.0,1
mopno-max-min,bom_deep_7_3_15_5_No1_p70_ao98_am15_1_m25_ao98_am25_4,98,1,UNSATISFIED,0.0783,-1.0,1
mopno-max-min,bom_deep_7_3_15_5_No1_p70_ao98_am15_1_m25_ao98_am25_5,98,1,UNSATISFIED,0.0803,-1.0,1
mopno-max-min,bom_deep_7_3_15_5_No1_p70_ao98_am15_2,98,1,UNSATISFIED,0.0817,-1.0,1
mopno-max-min,bom_deep_7_3_15_5_No1_p70_ao98_am15_2_m12_ao98_am12_1,98,1,UNSATISFIED,0.0801,-1.0,1
mopno-max-min,bom_deep_7_3_15_5_No1_p70_ao98_am15_2_m12_ao98_am12_2,98,1,UNSATISFIED,0.0794,-1.0,1
mopno-max-min,bom_deep_7_3_15_5_No1_p70_ao98_am15_2_m12_ao98_am12_3,98,1,UNSATISFIED,0.0804,-1.0,1
mopno-max-min,bom_deep_7_3_15_5_No1_p70_ao98_am15_2_m12_ao98_am12_4,98,1,UNSATISFIED,0.0789,-1.0,1
mopno-max-min,bom_deep_7_3_15_5_No1_p70_ao98_am15_2_m12_ao98_am12_5,98,1,UNSATISFIED,0.0802,-1.0,1
mopno-max-min,bom_deep_7_3_15_5_No1_p70_ao98_am15_2_m25_ao98_am24_1,98,1,SATISFIED,0.0837,405987840.0,1
mopno-max-min,bom_deep_7_3_15_5_No1_p70_ao98_am15_2_m25_ao98_am25_2,98,1,SATISFIED,0.0833,483654051.0,1
mopno-max-min,bom_deep_7_3_15_5_No1_p70_ao98_am15_2_m25_ao98_am25_3,98,1,SATISFIED,0.0834,273453660.0,1
mopno-max-min,bom_deep_7_3_15_5_No1_p70_ao98_am15_2_m25_ao98_am25_4,98,1,UNSATISFIED,0.0807,-1.0,1
mopno-max-min,bom_deep_7_3_15_5_No1_p70_ao98_am15_2_m25_ao98_am25_5,98,1,SATISFIED,0.0837,188491500.0,1
mopno-max-min,bom_deep_7_3_15_5_No1_p70_ao98_am15_3,98,1,SATISFIED,0.0771,453564360.0,1
mopno-max-min,bom_deep_7_3_15_5_No1_p70_ao98_am15_3_m12_ao98_am12_1,98,1,UNSATISFIED,0.0735,-1.0,1
mopno-max-min,bom_deep_7_3_15_5_No1_p70_ao98_am15_3_m12_ao98_am12_2,98,1,UNSATISFIED,0.0732,-1.0,1
mopno-max-min,bom_deep_7_3_15_5_No1_p70_ao98_am15_3_m12_ao98_am12_3,98,1,SATISFIED,0.0765,378283155.0,1
mopno-max-min,bom_deep_7_3_15_5_No1_p70_ao98_am15_3_m12_ao98_am12_4,98,1,UNSATISFIED,0.0711,-1.0,1
mopno-max-min,bom_deep_7_3_15_5_No1_p70_ao98_am15_3_m12_ao98_am12_5,98,1,UNSATISFIED,0.0737,-1.0,1
mopno-max-min,bom_deep_7_3_15_5_No1_p70_ao98_am15_3_m25_ao98_am23_3,98,1,SATISFIED,0.0776,959108175.0,1
mopno-max-min,bom_deep_7_3_15_5_No1_p70_ao98_am15_3_m25_ao98_am25_1,98,1,SATISFIED,0.0774,600178050.0,1
mopno-max-min,bom_deep_7_3_15_5_No1_p70_ao98_am15_3_m25_ao98_am25_2,98,1,UNSATISFIED,0.0741,-1.0,1
mopno-max-min,bom_deep_7_3_15_5_No1_p70_ao98_am15_3_m25_ao98_am25_4,98,1,UNSATISFIED,0.072,-1.0,1
mopno-max-min,bom_deep_7_3_15_5_No1_p70_ao98_am15_3_m25_ao98_am25_5,98,1,SATISFIED,0.0769,357393600.0,1
mopno-max-min,bom_deep_7_3_15_5_No1_p70_ao98_am15_4,98,1,UNSATISFIED,0.0762,-1.0,1
mopno-max-min,bom_deep_7_3_15_5_No1_p70_ao98_am15_4_m12_ao98_am12_1,98,1,UNSATISFIED,0.0758,-1.0,1
mopno-max-min,bom_deep_7_3_15_5_No1_p70_ao98_am15_4_m12_ao98_am12_2,98,1,UNSATISFIED,0.0731,-1.0,1
mopno-max-min,bom_deep_7_3_15_5_No1_p70_ao98_am15_4_m12_ao98_am12_3,98,1,UNSATISFIED,0.0751,-1.0,1
mopno-max-min,bom_deep_7_3_15_5_No1_p70_ao98_am15_4_m12_ao98_am12_4,98,1,UNSATISFIED,0.0714,-1.0,1
mopno-max-min,bom_deep_7_3_15_5_No1_p70_ao98_am15_4_m12_ao98_am12_5,98,1,UNSATISFIED,0.0743,-1.0,1
mopno-max-min,bom_deep_7_3_15_5_No1_p70_ao98_am15_4_m25_ao98_am25_1,98,1,UNSATISFIED,0.0732,-1.0,1
mopno-max-min,bom_deep_7_3_15_5_No1_p70_ao98_am15_4_m25_ao98_am25_2,98,1,UNSATISFIED,0.0762,-1.0,1
mopno-max-min,bom_deep_7_3_15_5_No1_p70_ao98_am15_4_m25_ao98_am25_3,98,1,SATISFIED,0.0786,602540127.0,1
mopno-max-min,bom_deep_7_3_15_5_No1_p70_ao98_am15_4_m25_ao98_am25_4,98,1,UNSATISFIED,0.0757,-1.0,1
mopno-max-min,bom_deep_7_3_15_5_No1_p70_ao98_am15_4_m25_ao98_am25_5,98,1,UNSATISFIED,0.0737,-1.0,1
mopno-max-min,bom_deep_7_3_15_5_No1_p70_ao98_am15_5,98,1,UNSATISFIED,0.0681,-1.0,1
mopno-max-min,bom_deep_7_3_15_5_No1_p70_ao98_am15_5_m12_ao98_am12_1,98,1,SATISFIED,0.0732,636334410.0,1
mopno-max-min,bom_deep_7_3_15_5_No1_p70_ao98_am15_5_m12_ao98_am12_2,98,1,SATISFIED,0.0736,710126688.0,1
mopno-max-min,bom_deep_7_3_15_5_No1_p70_ao98_am15_5_m12_ao98_am12_3,98,1,SATISFIED,0.0732,299300985.0,1
mopno-max-min,bom_deep_7_3_15_5_No1_p70_ao98_am15_5_m12_ao98_am12_4,98,1,SATISFIED,0.0736,815111850.0,1
mopno-max-min,bom_deep_7_3_15_5_No1_p70_ao98_am15_5_m12_ao98_am12_5,98,1,UNSATISFIED,0.0683,-1.0,1
mopno-max-min,bom_deep_7_3_15_5_No1_p70_ao98_am15_5_m25_ao98_am25_1,98,1,SATISFIED,0.0734,542407770.0,1
mopno-max-min,bom_deep_7_3_15_5_No1_p70_ao98_am15_5_m25_ao98_am25_2,98,1,SATISFIED,0.0736,311683800.0,1
mopno-max-min,bom_deep_7_3_15_5_No1_p70_ao98_am15_5_m25_ao98_am25_3,98,1,SATISFIED,0.0743,243672435.0,1
mopno-max-min,bom_deep_7_3_15_5_No1_p70_ao98_am15_5_m25_ao98_am25_4,98,1,SATISFIED,0.0743,392997480.0,1
mopno-max-min,bom_deep_7_3_15_5_No1_p70_ao98_am15_5_m25_ao98_am25_5,98,1,UNSATISFIED,0.0707,-1.0,1
mopno-max-min,bom_deep_7_3_15_5_No1_p80_ao104_am15_1,104,1,SATISFIED,0.1028,434993670.0,1
mopno-max-min,bom_deep_7_3_15_5_No1_p80_ao104_am15_1_m17_ao104_am16_1,104,1,SATISFIED,0.1021,428960670.0,1
mopno-max-min,bom_deep_7_3_15_5_No1_p80_ao104_am15_1_m17_ao104_am16_2,104,1,SATISFIED,0.1023,164856780.0,1
mopno-max-min,bom_deep_7_3_15_5_No1_p80_ao104_am15_1_m17_ao104_am16_5,104,1,UNSATISFIED,0.0922,-1.0,1
mopno-max-min,bom_deep_7_3_15_5_No1_p80_ao104_am15_1_m17_ao104_am17_3,104,1,SATISFIED,0.102,252239490.0,1
mopno-max-min,bom_deep_7_3_15_5_No1_p80_ao104_am15_1_m17_ao104_am17_4,104,1,SATISFIED,0.1022,364766250.0,1
mopno-max-min,bom_deep_7_3_15_5_No1_p80_ao104_am15_1_m45_ao104_am43_3,104,1,SATISFIED,0.1027,591220560.0,1
mopno-max-min,bom_deep_7_3_15_5_No1_p80_ao104_am15_1_m45_ao104_am45_1,104,1,UNSATISFIED,0.0932,-1.0,1
mopno-max-min,bom_deep_7_3_15_5_No1_p80_ao104_am15_1_m45_ao104_am45_2,104,1,SATISFIED,0.1018,354625470.0,1
mopno-max-min,bom_deep_7_3_15_5_No1_p80_ao104_am15_1_m45_ao104_am45_4,104,1,SATISFIED,0.1021,661264965.0,1
mopno-max-min,bom_deep_7_3_15_5_No1_p80_ao104_am15_1_m45_ao104_am45_5,104,1,UNSATISFIED,0.0946,-1.0,1
mopno-max-min,bom_deep_7_3_15_5_No1_p80_ao104_am15_2,104,1,UNSATISFIED,0.0926,-1.0,1
mopno-max-min,bom_deep_7_3_15_5_No1_p80_ao104_am15_2_m17_ao104_am15_1,104,1,SATISFIED,0.0983,348599040.0,1
mopno-max-min,bom_deep_7_3_15_5_No1_p80_ao104_am15_2_m17_ao104_am16_3,104,1,SATISFIED,0.0988,510791175.0,1
mopno-max-min,bom_deep_7_3_15_5_No1_p80_ao104_am15_2_m17_ao104_am17_2,104,1,UNSATISFIED,0.0918,-1.0,1
mopno-max-min,bom_deep_7_3_15_5_No1_p80_ao104_am15_2_m17_ao104_am17_4,104,1,UNSATISFIED,0.092,-1.0,1
mopno-max-min,bom_deep_7_3_15_5_No1_p80_ao104_am15_2_m17_ao104_am17_5,104,1,UNSATISFIED,0.092,-1.0,1
mopno-max-min,bom_deep_7_3_15_5_No1_p80_ao104_am15_2_m45_ao104_am44_4,104,1,SATISFIED,0.0994,173507388.0,1
mopno-max-min,bom_deep_7_3_15_5_No1_p80_ao104_am15_2_m45_ao104_am45_1,104,1,SATISFIED,0.0998,318803172.0,1
mopno-max-min,bom_deep_7_3_15_5_No1_p80_ao104_am15_2_m45_ao104_am45_2,104,1,SATISFIED,0.0997,227698716.0,1
mopno-max-min,bom_deep_7_3_15_5_No1_p80_ao104_am15_2_m45_ao104_am45_3,104,1,SATISFIED,0.0987,192166749.0,1
mopno-max-min,bom_deep_7_3_15_5_No1_p80_ao104_am15_2_m45_ao104_am45_5,104,1,SATISFIED,0.0993,570453786.0,1
mopno-max-min,bom_deep_7_3_15_5_No1_p80_ao104_am15_3,104,1,UNSATISFIED,0.0966,-1.0,1
mopno-max-min,bom_deep_7_3_15_5_No1_p80_ao104_am15_3_m17_ao104_am16_2,104,1,SATISFIED,0.1044,413223900.0,1
mopno-max-min,bom_deep_7_3_15_5_No1_p80_ao104_am15_3_m17_ao104_am16_5,104,1,SATISFIED,0.1041,350963700.0,1
mopno-max-min,bom_deep_7_3_15_5_No1_p80_ao104_am15_3_m17_ao104_am17_1,104,1,UNSATISFIED,0.0941,-1.0,1
mopno-max-min,bom_deep_7_3_15_5_No1_p80_ao104_am15_3_m17_ao104_am17_3,104,1,UNSATISFIED,0.094,-1.0,1
mopno-max-min,bom_deep_7_3_15_5_No1_p80_ao104_am15_3_m17_ao104_am17_4,104,1,SATISFIED,0.1038,340859250.0,1
mopno-max-min,bom_deep_7_3_15_5_No1_p80_ao104_am15_3_m45_ao104_am44_2,104,1,UNSATISFIED,0.0942,-1.0,1
mopno-max-min,bom_deep_7_3_15_5_No1_p80_ao104_am15_3_m45_ao104_am44_3,104,1,SATISFIED,0.1049,690053136.0,1
mopno-max-min,bom_deep_7_3_15_5_No1_p80_ao104_am15_3_m45_ao104_am45_1,104,1,UNSATISFIED,0.0939,-1.0,1
mopno-max-min,bom_deep_7_3_15_5_No1_p80_ao104_am15_3_m45_ao104_am45_4,104,1,SATISFIED,0.1043,1106182404.0,1
mopno-max-min,bom_deep_7_3_15_5_No1_p80_ao104_am15_3_m45_ao104_am45_5,104,1,SATISFIED,0.1051,1282658238.0,1
mopno-max-min,bom_deep_7_3_15_5_No1_p80_ao104_am15_4,104,1,SATISFIED,0.1017,204841980.0,1
mopno-max-min,bom_deep_7_3_15_5_No1_p80_ao104_am15_4_m17_ao104_am17_1,104,1,UNSATISFIED,0.0956,-1.0,1
mopno-max-min,bom_deep_7_3_15_5_No1_p80_ao104_am15_4_m17_ao104_am17_2,104,1,SATISFIED,0.1011,192831732.0,1
mopno-max-min,bom_deep_7_3_15_5_No1_p80_ao104_am15_4_m17_ao104_am17_3,104,1,SATISFIED,0.1013,743467860.0,1
mopno-max-min,bom_deep_7_3_15_5_No1_p80_ao104_am15_4_m17_ao104_am17_4,104,1,UNSATISFIED,0.0959,-1.0,1
mopno-max-min,bom_deep_7_3_15_5_No1_p80_ao104_am15_4_m17_ao104_am17_5,104,1,SATISFIED,0.1013,132216330.0,1
mopno-max-min,bom_deep_7_3_15_5_No1_p80_ao104_am15_4_m45_ao104_am45_1,104,1,SATISFIED,0.1019,898734714.0,1
mopno-max-min,bom_deep_7_3_15_5_No1_p80_ao104_am15_4_m45_ao104_am45_2,104,1,SATISFIED,0.1017,922100175.0,1
mopno-max-min,bom_deep_7_3_15_5_No1_p80_ao104_am15_4_m45_ao104_am45_3,104,1,SATISFIED,0.1024,232776360.0,1
mopno-max-min,bom_deep_7_3_15_5_No1_p80_ao104_am15_4_m45_ao104_am45_4,104,1,SATISFIED,0.1017,687262482.0,1
mopno-max-min,bom_deep_7_3_15_5_No1_p80_ao104_am15_4_m45_ao104_am45_5,104,1,UNSATISFIED,0.096,-1.0,1
mopno-max-min,bom_deep_7_3_15_5_No1_p80_ao104_am15_5,104,1,SATISFIED,0.1,104223060.0,1
mopno-max-min,bom_deep_7_3_15_5_No1_p80_ao104_am15_5_m17_ao104_am17_1,104,1,UNSATISFIED,0.0904,-1.0,1
mopno-max-min,bom_deep_7_3_15_5_No1_p80_ao104_am15_5_m17_ao104_am17_2,104,1,SATISFIED,0.0996,459430245.0,1
mopno-max-min,bom_deep_7_3_15_5_No1_p80_ao104_am15_5_m17_ao104_am17_3,104,1,SATISFIED,0.0995,145603215.0,1
mopno-max-min,bom_deep_7_3_15_5_No1_p80_ao104_am15_5_m17_ao104_am17_4,104,1,UNSATISFIED,0.0903,-1.0,1
mopno-max-min,bom_deep_7_3_15_5_No1_p80_ao104_am15_5_m17_ao104_am17_5,104,1,UNSATISFIED,0.094,-1.0,1
mopno-max-min,bom_deep_7_3_15_5_No1_p80_ao104_am15_5_m45_ao104_am44_1,104,1,SATISFIED,0.0995,299959440.0,1
mopno-max-min,bom_deep_7_3_15_5_No1_p80_ao104_am15_5_m45_ao104_am44_3,104,1,SATISFIED,0.0995,165497700.0,1
mopno-max-min,bom_deep_7_3_15_5_No1_p80_ao104_am15_5_m45_ao104_am45_2,104,1,SATISFIED,0.0998,397200915.0,1
mopno-max-min,bom_deep_7_3_15_5_No1_p80_ao104_am15_5_m45_ao104_am45_4,104,1,SATISFIED,0.0995,246268530.0,1
mopno-max-min,bom_deep_7_3_15_5_No1_p80_ao104_am15_5_m45_ao104_am45_5,104,1,UNSATISFIED,0.0933,-1.0,1
fopno-b-min,bom_deep_7_3_15_5_No1_p70_ao98_am15_1,98,1,SATISFIED,0.0351,154274730.0,1
fopno-b-min,bom_deep_7_3_15_5_No1_p70_ao98_am15_1_m12_ao98_am12_1,98,1,SATISFIED,0.0354,174807804.0,1
fopno-b-min,bom_deep_7_3_15_5_No1_p70_ao98_am15_1_m12_ao98_am12_2,98,1,SATISFIED,0.0351,150832459.0,1
fopno-b-min,bom_deep_7_3_15_5_No1_p70_ao98_am15_1_m12_ao98_am12_3,98,1,SATISFIED,0.0349,246681672.0,1
fopno-b-min,bom_deep_7_3_15_5_No1_p70_ao98_am15_1_m12_ao98_am12_4,98,1,SATISFIED,0.0349,165613481.0,1
fopno-b-min,bom_deep_7_3_15_5_No1_p70_ao98_am15_1_m12_ao98_am12_5,98,1,SATISFIED,0.0345,166508580.0,1
fopno-b-min,bom_deep_7_3_15_5_No1_p70_ao98_am15_1_m25_ao98_am25_1,98,1,SATISFIED,0.035,127968144.0,1
fopno-b-min,bom_deep_7_3_15_5_No1_p70_ao98_am15_1_m25_ao98_am25_2,98,1,SATISFIED,0.0352,131292900.0,1
fopno-b-min,bom_deep_7_3_15_5_No1_p70_ao98_am15_1_m25_ao98_am25_3,98,1,SATISFIED,0.035,150991860.0,1
fopno-b-min,bom_deep_7_3_15_5_No1_p70_ao98_am15_1_m25_ao98_am25_4,98,1,SATISFIED,0.0357,80669982.0,1
fopno-b-min,bom_deep_7_3_15_5_No1_p70_ao98_am15_1_m25_ao98_am25_5,98,1,SATISFIED,0.0354,211026885.0,1
fopno-b-min,bom_deep_7_3_15_5_No1_p70_ao98_am15_2,98,1,UNSATISFIED,0.0264,-1.0,1
fopno-b-min,bom_deep_7_3_15_5_No1_p70_ao98_am15_2_m12_ao98_am12_1,98,1,UNSATISFIED,0.0235,-1.0,1
fopno-b-min,bom_deep_7_3_15_5_No1_p70_ao98_am15_2_m12_ao98_am12_2,98,1,SATISFIED,0.0312,176304060.0,1
fopno-b-min,bom_deep_7_3_15_5_No1_p70_ao98_am15_2_m12_ao98_am12_3,98,1,SATISFIED,0.031,140322950.0,1
fopno-b-min,bom_deep_7_3_15_5_No1_p70_ao98_am15_2_m12_ao98_am12_4,98,1,SATISFIED,0.0312,222965632.0,1
fopno-b-min,bom_deep_7_3_15_5_No1_p70_ao98_am15_2_m12_ao98_am12_5,98,1,SATISFIED,0.0311,157503547.0,1
fopno-b-min,bom_deep_7_3_15_5_No1_p70_ao98_am15_2_m25_ao98_am24_1,98,1,SATISFIED,0.0315,231001356.0,1
fopno-b-min,bom_deep_7_3_15_5_No1_p70_ao98_am15_2_m25_ao98_am25_2,98,1,SATISFIED,0.0315,290675169.0,1
fopno-b-min,bom_deep_7_3_15_5_No1_p70_ao98_am15_2_m25_ao98_am25_3,98,1,SATISFIED,0.0313,180809140.0,1
fopno-b-min,bom_deep_7_3_15_5_No1_p70_ao98_am15_2_m25_ao98_am25_4,98,1,SATISFIED,0.0315,210728160.0,1
fopno-b-min,bom_deep_7_3_15_5_No1_p70_ao98_am15_2_m25_ao98_am25_5,98,1,SATISFIED,0.0315,119688984.0,1
fopno-b-min,bom_deep_7_3_15_5_No1_p70_ao98_am15_3,98,1,SATISFIED,0.0315,376168860.0,1
fopno-b-min,bom_deep_7_3_15_5_No1_p70_ao98_am15_3_m12_ao98_am12_1,98,1,SATISFIED,0.0314,335143446.0,1
fopno-b-min,bom_deep_7_3_15_5_No1_p70_ao98_am15_3_m12_ao98_am12_2,98,1,UNSATISFIED,0.0269,-1.0,1
fopno-b-min,bom_deep_7_3_15_5_No1_p70_ao98_am15_3_m12_ao98_am12_3,98,1,SATISFIED,0.0313,317167285.0,1
fopno-b-min,bom_deep_7_3_15_5_No1_p70_ao98_am15_3_m12_ao98_am12_4,98,1,UNSATISFIED,0.0263,-1.0,1
fopno-b-min,bom_deep_7_3_15_5_No1_p70_ao98_am15_3_m12_ao98_am12_5,98,1,SATISFIED,0.0316,576574665.0,1
fopno-b-min,bom_deep_7_3_15_5_No1_p70_ao98_am15_3_m25_ao98_am23_3,98,1,SATISFIED,0.0322,422782605.0,1
fopno-b-min,bom_deep_7_3_15_5_No1_p70_ao98_am15_3_m25_ao98_am25_1,98,1,SATISFIED,0.0315,454669428.0,1
fopno-b-min,bom_deep_7_3_15_5_No1_p70_ao98_am15_3_m25_ao98_am25_2,98,1,SATISFIED,0.0315,280709180.0,1
fopno-b-min,bom_deep_7_3_15_5_No1_p70_ao98_am15_3_m25_ao98_am25_4,98,1,SATISFIED,0.0315,514003890.0,1
fopno-b-min,bom_deep_7_3_15_5_No1_p70_ao98_am15_3_m25_ao98_am25_5,98,1,SATISFIED,0.0316,246998463.0,1
fopno-b-min,bom_deep_7_3_15_5_No1_p70_ao98_am15_4,98,1,UNSATISFIED,0.0316,-1.0,1
fopno-b-min,bom_deep_7_3_15_5_No1_p70_ao98_am15_4_m12_ao98_am12_1,98,1,SATISFIED,0.0336,336611970.0,1
fopno-b-min,bom_deep_7_3_15_5_No1_p70_ao98_am15_4_m12_ao98_am12_2,98,1,UNSATISFIED,0.0321,-1.0,1
fopno-b-min,bom_deep_7_3_15_5_No1_p70_ao98_am15_4_m12_ao98_am12_3,98,1,UNSATISFIED,0.0322,-1.0,1
fopno-b-min,bom_deep_7_3_15_5_No1_p70_ao98_am15_4_m12_ao98_am12_4,98,1,SATISFIED,0.0338,294077100.0,1
fopno-b-min,bom_deep_7_3_15_5_No1_p70_ao98_am15_4_m12_ao98_am12_5,98,1,SATISFIED,0.0632,394049622.0,1
fopno-b-min,bom_deep_7_3_15_5_No1_p70_ao98_am15_4_m25_ao98_am25_1,98,1,SATISFIED,0.0638,254444718.0,1
fopno-b-min,bom_deep_7_3_15_5_No1_p70_ao98_am15_4_m25_ao98_am25_2,98,1,SATISFIED,0.0634,279767448.0,1
fopno-b-min,bom_deep_7_3_15_5_No1_p70_ao98_am15_4_m25_ao98_am25_3,98,1,SATISFIED,0.0632,455407356.0,1
fopno-b-min,bom_deep_7_3_15_5_No1_p70_ao98_am15_4_m25_ao98_am25_4,98,1,SATISFIED,0.063,484771461.0,1
fopno-b-min,bom_deep_7_3_15_5_No1_p70_ao98_am15_4_m25_ao98_am25_5,98,1,SATISFIED,0.0631,228692136.0,1
fopno-b-min,bom_deep_7_3_15_5_No1_p70_ao98_am15_5,98,1,UNSATISFIED,0.0532,-1.0,1
fopno-b-min,bom_deep_7_3_15_5_No1_p70_ao98_am15_5_m12_ao98_am12_1,98,1,SATISFIED,0.0597,508149720.0,1
fopno-b-min,bom_deep_7_3_15_5_No1_p70_ao98_am15_5_m12_ao98_am12_2,98,1,UNSATISFIED,0.0559,-1.0,1
fopno-b-min,bom_deep_7_3_15_5_No1_p70_ao98_am15_5_m12_ao98_am12_3,98,1,SATISFIED,0.0599,210304011.0,1
fopno-b-min,bom_deep_7_3_15_5_No1_p70_ao98_am15_5_m12_ao98_am12_4,98,1,SATISFIED,0.059,680695665.0,1
fopno-b-min,bom_deep_7_3_15_5_No1_p70_ao98_am15_5_m12_ao98_am12_5,98,1,SATISFIED,0.0593,609481692.0,1
fopno-b-min,bom_deep_7_3_15_5_No1_p70_ao98_am15_5_m25_ao98_am25_1,98,1,SATISFIED,0.0592,443757006.0,1
fopno-b-min,bom_deep_7_3_15_5_No1_p70_ao98_am15_5_m25_ao98_am25_2,98,1,SATISFIED,0.0595,165171600.0,1
fopno-b-min,bom_deep_7_3_15_5_No1_p70_ao98_am15_5_m25_ao98_am25_3,98,1,SATISFIED,0.0598,119462067.0,1
fopno-b-min,bom_deep_7_3_15_5_No1_p70_ao98_am15_5_m25_ao98_am25_4,98,1,SATISFIED,0.0579,256946672.0,1
fopno-b-min,bom_deep_7_3_15_5_No1_p70_ao98_am15_5_m25_ao98_am25_5,98,1,SATISFIED,0.0541,490824247.0,1
fopno-b-min,bom_deep_7_3_15_5_No1_p80_ao104_am15_1,104,1,SATISFIED,0.0646,431863230.0,1
fopno-b-min,bom_deep_7_3_15_5_No1_p80_ao104_am15_1_m17_ao104_am16_1,104,1,UNSATISFIED,0.0553,-1.0,1
fopno-b-min,bom_deep_7_3_15_5_No1_p80_ao104_am15_1_m17_ao104_am16_2,104,1,SATISFIED,0.0563,161681580.0,1
fopno-b-min,bom_deep_7_3_15_5_No1_p80_ao104_am15_1_m17_ao104_am16_5,104,1,SATISFIED,0.0524,456599310.0,1
fopno-b-min,bom_deep_7_3_15_5_No1_p80_ao104_am15_1_m17_ao104_am17_3,104,1,SATISFIED,0.0493,213022098.0,1
fopno-b-min,bom_deep_7_3_15_5_No1_p80_ao104_am15_1_m17_ao104_am17_4,104,1,SATISFIED,0.0466,352869000.0,1
fopno-b-min,bom_deep_7_3_15_5_No1_p80_ao104_am15_1_m45_ao104_am43_3,104,1,SATISFIED,0.0463,388091335.0,1
fopno-b-min,bom_deep_7_3_15_5_No1_p80_ao104_am15_1_m45_ao104_am45_1,104,1,SATISFIED,0.0434,333619434.0,1
fopno-b-min,bom_deep_7_3_15_5_No1_p80_ao104_am15_1_m45_ao104_am45_2,104,1,SATISFIED,0.0415,228301575.0,1
fopno-b-min,bom_deep_7_3_15_5_No1_p80_ao104_am15_1_m45_ao104_am45_4,104,1,SATISFIED,0.0773,267091983.0,1
fopno-b-min,bom_deep_7_3_15_5_No1_p80_ao104_am15_1_m45_ao104_am45_5,104,1,SATISFIED,0.0769,242123526.0,1
fopno-b-min,bom_deep_7_3_15_5_No1_p80_ao104_am15_2,104,1,SATISFIED,0.0783,266634000.0,1
fopno-b-min,bom_deep_7_3_15_5_No1_p80_ao104_am15_2_m17_ao104_am15_1,104,1,UNSATISFIED,0.0683,-1.0,1
fopno-b-min,bom_deep_7_3_15_5_No1_p80_ao104_am15_2_m17_ao104_am16_3,104,1,SATISFIED,0.0755,359178390.0,1
fopno-b-min,bom_deep_7_3_15_5_No1_p80_ao104_am15_2_m17_ao104_am17_2,104,1,SATISFIED,0.0753,350941008.0,1
fopno-b-min,bom_deep_7_3_15_5_No1_p80_ao104_am15_2_m17_ao104_am17_4,104,1,SATISFIED,0.0749,300500028.0,1
fopno-b-min,bom_deep_7_3_15_5_No1_p80_ao104_am15_2_m17_ao104_am17_5,104,1,SATISFIED,0.075,396161637.0,1
fopno-b-min,bom_deep_7_3_15_5_No1_p80_ao104_am15_2_m45_ao104_am44_4,104,1,SATISFIED,0.0781,66666940.0,1
fopno-b-min,bom_deep_7_3_15_5_No1_p80_ao104_am15_2_m45_ao104_am45_1,104,1,SATISFIED,0.0774,194122386.0,1
fopno-b-min,bom_deep_7_3_15_5_No1_p80_ao104_am15_2_m45_ao104_am45_2,104,1,SATISFIED,0.0787,110845980.0,1
fopno-b-min,bom_deep_7_3_15_5_No1_p80_ao104_am15_2_m45_ao104_am45_3,104,1,SATISFIED,0.0776,65908440.0,1
fopno-b-min,bom_deep_7_3_15_5_No1_p80_ao104_am15_2_m45_ao104_am45_5,104,1,SATISFIED,0.0732,178980984.0,1
fopno-b-min,bom_deep_7_3_15_5_No1_p80_ao104_am15_3,104,1,SATISFIED,0.0685,437548230.0,1
fopno-b-min,bom_deep_7_3_15_5_No1_p80_ao104_am15_3_m17_ao104_am16_2,104,1,SATISFIED,0.0633,328924380.0,1
fopno-b-min,bom_deep_7_3_15_5_No1_p80_ao104_am15_3_m17_ao104_am16_5,104,1,SATISFIED,0.0599,262196100.0,1
fopno-b-min,bom_deep_7_3_15_5_No1_p80_ao104_am15_3_m17_ao104_am17_1,104,1,SATISFIED,0.0563,607663860.0,1
fopno-b-min,bom_deep_7_3_15_5_No1_p80_ao104_am15_3_m17_ao104_am17_3,104,1,SATISFIED,0.0535,944064495.0,1
fopno-b-min,bom_deep_7_3_15_5_No1_p80_ao104_am15_3_m17_ao104_am17_4,104,1,SATISFIED,0.0504,217331925.0,1
fopno-b-min,bom_deep_7_3_15_5_No1_p80_ao104_am15_3_m45_ao104_am44_2,104,1,SATISFIED,0.0492,414262457.0,1
fopno-b-min,bom_deep_7_3_15_5_No1_p80_ao104_am15_3_m45_ao104_am44_3,104,1,SATISFIED,0.046,317858742.0,1
fopno-b-min,bom_deep_7_3_15_5_No1_p80_ao104_am15_3_m45_ao104_am45_1,104,1,SATISFIED,0.0437,394318458.0,1
fopno-b-min,bom_deep_7_3_15_5_No1_p80_ao104_am15_3_m45_ao104_am45_4,104,1,SATISFIED,0.0414,553085088.0,1
fopno-b-min,bom_deep_7_3_15_5_No1_p80_ao104_am15_3_m45_ao104_am45_5,104,1,SATISFIED,0.0417,572646966.0,1
fopno-b-min,bom_deep_7_3_15_5_No1_p80_ao104_am15_4,104,1,UNSATISFIED,0.0315,-1.0,1
fopno-b-min,bom_deep_7_3_15_5_No1_p80_ao104_am15_4_m17_ao104_am17_1,104,1,SATISFIED,0.0361,372261690.0,1
fopno-b-min,bom_deep_7_3_15_5_No1_p80_ao104_am15_4_m17_ao104_am17_2,104,1,SATISFIED,0.0361,184568250.0,1
fopno-b-min,bom_deep_7_3_15_5_No1_p80_ao104_am15_4_m17_ao104_am17_3,104,1,SATISFIED,0.036,578959326.0,1
fopno-b-min,bom_deep_7_3_15_5_No1_p80_ao104_am15_4_m17_ao104_am17_4,104,1,SATISFIED,0.0359,592782630.0,1
fopno-b-min,bom_deep_7_3_15_5_No1_p80_ao104_am15_4_m17_ao104_am17_5,104,1,SATISFIED,0.0361,112370928.0,1
fopno-b-min,bom_deep_7_3_15_5_No1_p80_ao104_am15_4_m45_ao104_am45_1,104,1,SATISFIED,0.0376,305394066.0,1
fopno-b-min,bom_deep_7_3_15_5_No1_p80_ao104_am15_4_m45_ao104_am45_2,104,1,SATISFIED,0.0373,289728680.0,1
fopno-b-min,bom_deep_7_3_15_5_No1_p80_ao104_am15_4_m45_ao104_am45_3,104,1,SATISFIED,0.0368,100716960.0,1
fopno-b-min,bom_deep_7_3_15_5_No1_p80_ao104_am15_4_m45_ao104_am45_4,104,1,SATISFIED,0.0373,314089938.0,1
fopno-b-min,bom_deep_7_3_15_5_No1_p80_ao104_am15_4_m45_ao104_am45_5,104,1,SATISFIED,0.0373,527575095.0,1
fopno-b-min,bom_deep_7_3_15_5_No1_p80_ao104_am15_5,104,1,UNSATISFIED,0.0275,-1.0,1
fopno-b-min,bom_deep_7_3_15_5_No1_p80_ao104_am15_5_m17_ao104_am17_1,104,1,SATISFIED,0.0386,295239150.0,1
fopno-b-min,bom_deep_7_3_15_5_No1_p80_ao104_am15_5_m17_ao104_am17_2,104,1,SATISFIED,0.0388,363813210.0,1
fopno-b-min,bom_deep_7_3_15_5_No1_p80_ao104_am15_5_m17_ao104_am17_3,104,1,SATISFIED,0.0388,122332455.0,1
fopno-b-min,bom_deep_7_3_15_5_No1_p80_ao104_am15_5_m17_ao104_am17_4,104,1,UNSATISFIED,0.0272,-1.0,1
fopno-b-min,bom_deep_7_3_15_5_No1_p80_ao104_am15_5_m17_ao104_am17_5,104,1,SATISFIED,0.039,239602488.0,1
fopno-b-min,bom_deep_7_3_15_5_No1_p80_ao104_am15_5_m45_ao104_am44_1,104,1,SATISFIED,0.0398,146121996.0,1
fopno-b-min,bom_deep_7_3_15_5_No1_p80_ao104_am15_5_m45_ao104_am44_3,104,1,SATISFIED,0.0399,71494376.0,1
fopno-b-min,bom_deep_7_3_15_5_No1_p80_ao104_am15_5_m45_ao104_am45_2,104,1,SATISFIED,0.0401,291595206.0,1
fopno-b-min,bom_deep_7_3_15_5_No1_p80_ao104_am15_5_m45_ao104_am45_4,104,1,SATISFIED,0.0398,141585182.0,1
fopno-b-min,bom_deep_7_3_15_5_No1_p80_ao104_am15_5_m45_ao104_am45_5,104,1,SATISFIED,0.0402,161018235.0,1
fopno-min-min,bom_deep_7_3_15_5_No1_p70_ao98_am15_1,98,1,SATISFIED,0.0355,151574820.0,1
fopno-min-min,bom_deep_7_3_15_5_No1_p70_ao98_am15_1_m12_ao98_am12_1,98,1,SATISFIED,0.0357,185027466.0,1
fopno-min-min,bom_deep_7_3_15_5_No1_p70_ao98_am15_1_m12_ao98_am12_2,98,1,SATISFIED,0.0355,163631818.0,1
fopno-min-min,bom_deep_7_3_15_5_No1_p70_ao98_am15_1_m12_ao98_am12_3,98,1,SATISFIED,0.0353,201532602.0,1
fopno-min-min,bom_deep_7_3_15_5_No1_p70_ao98_am15_1_m12_ao98_am12_4,98,1,SATISFIED,0.0351,148786931.0,1
fopno-min-min,bom_deep_7_3_15_5_No1_p70_ao98_am15_1_m12_ao98_am12_5,98,1,UNSATISFIED,0.0257,-1.0,1
fopno-min-min,bom_deep_7_3_15_5_No1_p70_ao98_am15_1_m25_ao98_am25_1,98,1,SATISFIED,0.0352,139770444.0,1
fopno-min-min,bom_deep_7_3_15_5_No1_p70_ao98_am15_1_m25_ao98_am25_2,98,1,SATISFIED,0.0354,155823900.0,1
fopno-min-min,bom_deep_7_3_15_5_No1_p70_ao98_am15_1_m25_ao98_am25_3,98,1,SATISFIED,0.0357,167777160.0,1
fopno-min-min,bom_deep_7_3_15_5_No1_p70_ao98_am15_1_m25_ao98_am25_4,98,1,SATISFIED,0.0356,80669982.0,1
fopno-min-min,bom_deep_7_3_15_5_No1_p70_ao98_am15_1_m25_ao98_am25_5,98,1,SATISFIED,0.0352,188804535.0,1
fopno-min-min,bom_deep_7_3_15_5_No1_p70_ao98_am15_2,98,1,SATISFIED,0.0319,156312900.0,1
fopno-min-min,bom_deep_7_3_15_5_No1_p70_ao98_am15_2_m12_ao98_am12_1,98,1,UNSATISFIED,0.0243,-1.0,1
fopno-min-min,bom_deep_7_3_15_5_No1_p70_ao98_am15_2_m12_ao98_am12_2,98,1,SATISFIED,0.0316,205409037.0,1
fopno-min-min,bom_deep_7_3_15_5_No1_p70_ao98_am15_2_m12_ao98_am12_3,98,1,SATISFIED,0.0317,211379084.0,1
fopno-min-min,bom_deep_7_3_15_5_No1_p70_ao98_am15_2_m12_ao98_am12_4,98,1,SATISFIED,0.0316,263595172.0,1
fopno-min-min,bom_deep_7_3_15_5_No1_p70_ao98_am15_2_m12_ao98_am12_5,98,1,SATISFIED,0.0313,157431697.0,1
fopno-min-min,bom_deep_7_3_15_5_No1_p70_ao98_am15_2_m25_ao98_am24_1,98,1,SATISFIED,0.0315,228161754.0,1
fopno-min-min,bom_deep_7_3_15_5_No1_p70_ao98_am15_2_m25_ao98_am25_2,98,1,SATISFIED,0.0317,289930944.0,1
fopno-min-min,bom_deep_7_3_15_5_No1_p70_ao98_am15_2_m25_ao98_am25_3,98,1,SATISFIED,0.0316,180877120.0,1
fopno-min-min,bom_deep_7_3_15_5_No1_p70_ao98_am15_2_m25_ao98_am25_4,98,1,SATISFIED,0.0318,251175510.0,1
fopno-min-min,bom_deep_7_3_15_5_No1_p70_ao98_am15_2_m25_ao98_am25_5,98,1,SATISFIED,0.0317,121188984.0,1
fopno-min-min,bom_deep_7_3_15_5_No1_p70_ao98_am15_3,98,1,UNSATISFIED,0.027,-1.0,1
fopno-min-min,bom_deep_7_3_15_5_No1_p70_ao98_am15_3_m12_ao98_am12_1,98,1,SATISFIED,0.0317,381505998.0,1
fopno-min-min,bom_deep_7_3_15_5_No1_p70_ao98_am15_3_m12_ao98_am12_2,98,1,UNSATISFIED,0.0268,-1.0,1
fopno-min-min,bom_deep_7_3_15_5_No1_p70_ao98_am15_3_m12_ao98_am12_3,98,1,SATISFIED,0.0317,281425798.0,1
fopno-min-min,bom_deep_7_3_15_5_No1_p70_ao98_am15_3_m12_ao98_am12_4,98,1,UNSATISFIED,0.0269,-1.0,1
fopno-min-min,bom_deep_7_3_15_5_No1_p70_ao98_am15_3_m12_ao98_am12_5,98,1,SATISFIED,0.032,554703363.0,1
fopno-min-min,bom_deep_7_3_15_5_No1_p70_ao98_am15_3_m25_ao98_am23_3,98,1,SATISFIED,0.0321,411282840.0,1
fopno-min-min,bom_deep_7_3_15_5_No1_p70_ao98_am15_3_m25_ao98_am25_1,98,1,SATISFIED,0.0591,484764468.0,1
fopno-min-min,bom_deep_7_3_15_5_No1_p70_ao98_am15_3_m25_ao98_am25_2,98,1,SATISFIED,0.0595,313784105.0,1
fopno-min-min,bom_deep_7_3_15_5_No1_p70_ao98_am15_3_m25_ao98_am25_4,98,1,SATISFIED,0.0593,505479960.0,1
fopno-min-min,bom_deep_7_3_15_5_No1_p70_ao98_am15_3_m25_ao98_am25_5,98,1,SATISFIED,0.0595,310144485.0,1
fopno-min-min,bom_deep_7_3_15_5_No1_p70_ao98_am15_4,98,1,UNSATISFIED,0.0604,-1.0,1
fopno-min-min,bom_deep_7_3_15_5_No1_p70_ao98_am15_4_m12_ao98_am12_1,98,1,UNSATISFIED,0.0603,-1.0,1
fopno-min-min,bom_deep_7_3_15_5_No1_p70_ao98_am15_4_m12_ao98_am12_2,98,1,UNSATISFIED,0.0599,-1.0,1
fopno-min-min,bom_deep_7_3_15_5_No1_p70_ao98_am15_4_m12_ao98_am12_3,98,1,UNSATISFIED,0.0601,-1.0,1
fopno-min-min,bom_deep_7_3_15_5_No1_p70_ao98_am15_4_m12_ao98_am12_4,98,1,UNSATISFIED,0.057,-1.0,1
fopno-min-min,bom_deep_7_3_15_5_No1_p70_ao98_am15_4_m12_ao98_am12_5,98,1,SATISFIED,0.0628,410355303.0,1
fopno-min-min,bom_deep_7_3_15_5_No1_p70_ao98_am15_4_m25_ao98_am25_1,98,1,SATISFIED,0.0628,246599868.0,1
fopno-min-min,bom_deep_7_3_15_5_No1_p70_ao98_am15_4_m25_ao98_am25_2,98,1,SATISFIED,0.063,282499188.0,1
fopno-min-min,bom_deep_7_3_15_5_No1_p70_ao98_am15_4_m25_ao98_am25_3,98,1,SATISFIED,0.0629,409524768.0,1
fopno-min-min,bom_deep_7_3_15_5_No1_p70_ao98_am15_4_m25_ao98_am25_4,98,1,SATISFIED,0.0633,427639737.0,1
fopno-min-min,bom_deep_7_3_15_5_No1_p70_ao98_am15_4_m25_ao98_am25_5,98,1,SATISFIED,0.0642,203701209.0,1
fopno-min-min,bom_deep_7_3_15_5_No1_p70_ao98_am15_5,98,1,UNSATISFIED,0.0508,-1.0,1
fopno-min-min,bom_deep_7_3_15_5_No1_p70_ao98_am15_5_m12_ao98_am12_1,98,1,SATISFIED,0.0537,467366940.0,1
fopno-min-min,bom_deep_7_3_15_5_No1_p70_ao98_am15_5_m12_ao98_am12_2,98,1,UNSATISFIED,0.0486,-1.0,1
fopno-min-min,bom_deep_7_3_15_5_No1_p70_ao98_am15_5_m12_ao98_am12_3,98,1,SATISFIED,0.0488,460314855.0,1
fopno-min-min,bom_deep_7_3_15_5_No1_p70_ao98_am15_5_m12_ao98_am12_4,98,1,SATISFIED,0.0464,717345630.0,1
fopno-min-min,bom_deep_7_3_15_5_No1_p70_ao98_am15_5_m12_ao98_am12_5,98,1,SATISFIED,0.0442,558870102.0,1
fopno-min-min,bom_deep_7_3_15_5_No1_p70_ao98_am15_5_m25_ao98_am25_1,98,1,SATISFIED,0.0417,432337626.0,1
fopno-min-min,bom_deep_7_3_15_5_No1_p70_ao98_am15_5_m25_ao98_am25_2,98,1,SATISFIED,0.0398,165257100.0,1
fopno-min-min,bom_deep_7_3_15_5_No1_p70_ao98_am15_5_m25_ao98_am25_3,98,1,SATISFIED,0.0379,112201185.0,1
fopno-min-min,bom_deep_7_3_15_5_No1_p70_ao98_am15_5_m25_ao98_am25_4,98,1,SATISFIED,0.0361,247722596.0,1
fopno-min-min,bom_deep_7_3_15_5_No1_p70_ao98_am15_5_m25_ao98_am25_5,98,1,SATISFIED,0.0346,628259884.0,1
fopno-min-min,bom_deep_7_3_15_5_No1_p80_ao104_am15_1,104,1,SATISFIED,0.0423,429163320.0,1
fopno-min-min,bom_deep_7_3_15_5_No1_p80_ao104_am15_1_m17_ao104_am16_1,104,1,UNSATISFIED,0.0377,-1.0,1
fopno-min-min,bom_deep_7_3_15_5_No1_p80_ao104_am15_1_m17_ao104_am16_2,104,1,SATISFIED,0.0404,161681580.0,1
fopno-min-min,bom_deep_7_3_15_5_No1_p80_ao104_am15_1_m17_ao104_am16_5,104,1,SATISFIED,0.0408,456599310.0,1
fopno-min-min,bom_deep_7_3_15_5_No1_p80_ao104_am15_1_m17_ao104_am17_3,104,1,SATISFIED,0.04,213022098.0,1
fopno-min-min,bom_deep_7_3_15_5_No1_p80_ao104_am15_1_m17_ao104_am17_4,104,1,SATISFIED,0.04,352869000.0,1
fopno-min-min,bom_deep_7_3_15_5_No1_p80_ao104_am15_1_m45_ao104_am43_3,104,1,SATISFIED,0.0404,474357835.0,1
fopno-min-min,bom_deep_7_3_15_5_No1_p80_ao104_am15_1_m45_ao104_am45_1,104,1,SATISFIED,0.0407,332308254.0,1
fopno-min-min,bom_deep_7_3_15_5_No1_p80_ao104_am15_1_m45_ao104_am45_2,104,1,SATISFIED,0.0406,210452700.0,1
fopno-min-min,bom_deep_7_3_15_5_No1_p80_ao104_am15_1_m45_ao104_am45_4,104,1,SATISFIED,0.0404,267501321.0,1
fopno-min-min,bom_deep_7_3_15_5_No1_p80_ao104_am15_1_m45_ao104_am45_5,104,1,SATISFIED,0.0409,305368950.0,1
fopno-min-min,bom_deep_7_3_15_5_No1_p80_ao104_am15_2,104,1,SATISFIED,0.0416,264739500.0,1
fopno-min-min,bom_deep_7_3_15_5_No1_p80_ao104_am15_2_m17_ao104_am15_1,104,1,SATISFIED,0.0411,322927572.0,1
fopno-min-min,bom_deep_7_3_15_5_No1_p80_ao104_am15_2_m17_ao104_am16_3,104,1,SATISFIED,0.0412,353095800.0,1
fopno-min-min,bom_deep_7_3_15_5_No1_p80_ao104_am15_2_m17_ao104_am17_2,104,1,SATISFIED,0.0413,325304508.0,1
fopno-min-min,bom_deep_7_3_15_5_No1_p80_ao104_am15_2_m17_ao104_am17_4,104,1,SATISFIED,0.0412,298287630.0,1
fopno-min-min,bom_deep_7_3_15_5_No1_p80_ao104_am15_2_m17_ao104_am17_5,104,1,SATISFIED,0.041,398389182.0,1
fopno-min-min,bom_deep_7_3_15_5_No1_p80_ao104_am15_2_m45_ao104_am44_4,104,1,SATISFIED,0.0414,66666940.0,1
fopno-min-min,bom_deep_7_3_15_5_No1_p80_ao104_am15_2_m45_ao104_am45_1,104,1,SATISFIED,0.0558,196938486.0,1
fopno-min-min,bom_deep_7_3_15_5_No1_p80_ao104_am15_2_m45_ao104_am45_2,104,1,SATISFIED,0.0781,111897420.0,1
fopno-min-min,bom_deep_7_3_15_5_No1_p80_ao104_am15_2_m45_ao104_am45_3,104,1,SATISFIED,0.0769,65908440.0,1
fopno-min-min,bom_deep_7_3_15_5_No1_p80_ao104_am15_2_m45_ao104_am45_5,104,1,SATISFIED,0.0775,179208315.0,1
fopno-min-min,bom_deep_7_3_15_5_No1_p80_ao104_am15_3,104,1,SATISFIED,0.077,463927380.0,1
fopno-min-min,bom_deep_7_3_15_5_No1_p80_ao104_am15_3_m17_ao104_am16_2,104,1,SATISFIED,0.0757,318719880.0,1
fopno-min-min,bom_deep_7_3_15_5_No1_p80_ao104_am15_3_m17_ao104_am16_5,104,1,SATISFIED,0.0772,276627600.0,1
fopno-min-min,bom_deep_7_3_15_5_No1_p80_ao104_am15_3_m17_ao104_am17_1,104,1,SATISFIED,0.0759,580125660.0,1
fopno-min-min,bom_deep_7_3_15_5_No1_p80_ao104_am15_3_m17_ao104_am17_3,104,1,SATISFIED,0.0763,944987097.0,1
fopno-min-min,bom_deep_7_3_15_5_No1_p80_ao104_am15_3_m17_ao104_am17_4,104,1,SATISFIED,0.0768,228278175.0,1
fopno-min-min,bom_deep_7_3_15_5_No1_p80_ao104_am15_3_m45_ao104_am44_2,104,1,SATISFIED,0.078,397823447.0,1
fopno-min-min,bom_deep_7_3_15_5_No1_p80_ao104_am15_3_m45_ao104_am44_3,104,1,SATISFIED,0.077,327103470.0,1
fopno-min-min,bom_deep_7_3_15_5_No1_p80_ao104_am15_3_m45_ao104_am45_1,104,1,SATISFIED,0.0778,406388958.0,1
fopno-min-min,bom_deep_7_3_15_5_No1_p80_ao104_am15_3_m45_ao104_am45_4,104,1,SATISFIED,0.0778,552031728.0,1
fopno-min-min,bom_deep_7_3_15_5_No1_p80_ao104_am15_3_m45_ao104_am45_5,104,1,SATISFIED,0.0814,573432849.0,1
fopno-min-min,bom_deep_7_3_15_5_No1_p80_ao104_am15_4,104,1,UNSATISFIED,0.06,-1.0,1
fopno-min-min,bom_deep_7_3_15_5_No1_p80_ao104_am15_4_m17_ao104_am17_1,104,1,UNSATISFIED,0.0595,-1.0,1
fopno-min-min,bom_deep_7_3_15_5_No1_p80_ao104_am15_4_m17_ao104_am17_2,104,1,SATISFIED,0.0688,156180765.0,1
fopno-min-min,bom_deep_7_3_15_5_No1_p80_ao104_am15_4_m17_ao104_am17_3,104,1,SATISFIED,0.0701,615927876.0,1
fopno-min-min,bom_deep_7_3_15_5_No1_p80_ao104_am15_4_m17_ao104_am17_4,104,1,SATISFIED,0.0672,592782630.0,1
fopno-min-min,bom_deep_7_3_15_5_No1_p80_ao104_am15_4_m17_ao104_am17_5,104,1,SATISFIED,0.0645,112370928.0,1
fopno-min-min,bom_deep_7_3_15_5_No1_p80_ao104_am15_4_m45_ao104_am45_1,104,1,SATISFIED,0.0591,328815426.0,1
fopno-min-min,bom_deep_7_3_15_5_No1_p80_ao104_am15_4_m45_ao104_am45_2,104,1,SATISFIED,0.0552,289233335.0,1
fopno-min-min,bom_deep_7_3_15_5_No1_p80_ao104_am15_4_m45_ao104_am45_3,104,1,SATISFIED,0.0514,100437498.0,1
fopno-min-min,bom_deep_7_3_15_5_No1_p80_ao104_am15_4_m45_ao104_am45_4,104,1,SATISFIED,0.0482,385846263.0,1
fopno-min-min,bom_deep_7_3_15_5_No1_p80_ao104_am15_4_m45_ao104_am45_5,104,1,SATISFIED,0.0456,531580185.0,1
fopno-min-min,bom_deep_7_3_15_5_No1_p80_ao104_am15_5,104,1,UNSATISFIED,0.0324,-1.0,1
fopno-min-min,bom_deep_7_3_15_5_No1_p80_ao104_am15_5_m17_ao104_am17_1,104,1,SATISFIED,0.0442,295239150.0,1
fopno-min-min,bom_deep_7_3_15_5_No1_p80_ao104_am15_5_m17_ao104_am17_2,104,1,UNSATISFIED,0.0364,-1.0,1
fopno-min-min,bom_deep_7_3_15_5_No1_p80_ao104_am15_5_m17_ao104_am17_3,104,1,SATISFIED,0.0404,119711100.0,1
fopno-min-min,bom_deep_7_3_15_5_No1_p80_ao104_am15_5_m17_ao104_am17_4,104,1,UNSATISFIED,0.0276,-1.0,1
fopno-min-min,bom_deep_7_3_15_5_No1_p80_ao104_am15_5_m17_ao104_am17_5,104,1,UNSATISFIED,0.0276,-1.0,1
fopno-min-min,bom_deep_7_3_15_5_No1_p80_ao104_am15_5_m45_ao104_am44_1,104,1,SATISFIED,0.0398,144265824.0,1
fopno-min-min,bom_deep_7_3_15_5_No1_p80_ao104_am15_5_m45_ao104_am44_3,104,1,SATISFIED,0.0399,71494376.0,1
fopno-min-min,bom_deep_7_3_15_5_No1_p80_ao104_am15_5_m45_ao104_am45_2,104,1,SATISFIED,0.0405,262154181.0,1
fopno-min-min,bom_deep_7_3_15_5_No1_p80_ao104_am15_5_m45_ao104_am45_4,104,1,SATISFIED,0.0404,181106582.0,1
fopno-min-min,bom_deep_7_3_15_5_No1_p80_ao104_am15_5_m45_ao104_am45_5,104,1,SATISFIED,0.0402,224191110.0,1
fopno-max-min,bom_deep_7_3_15_5_No1_p70_ao98_am15_1,98,1,UNSATISFIED,0.024,-1.0,1
fopno-max-min,bom_deep_7_3_15_5_No1_p70_ao98_am15_1_m12_ao98_am12_1,98,1,UNSATISFIED,0.0246,-1.0,1
fopno-max-min,bom_deep_7_3_15_5_No1_p70_ao98_am15_1_m12_ao98_am12_2,98,1,UNSATISFIED,0.024,-1.0,1
fopno-max-min,bom_deep_7_3_15_5_No1_p70_ao98_am15_1_m12_ao98_am12_3,98,1,UNSATISFIED,0.0262,-1.0,1
fopno-max-min,bom_deep_7_3_15_5_No1_p70_ao98_am15_1_m12_ao98_am12_4,98,1,UNSATISFIED,0.0263,-1.0,1
fopno-max-min,bom_deep_7_3_15_5_No1_p70_ao98_am15_1_m12_ao98_am12_5,98,1,UNSATISFIED,0.026,-1.0,1
fopno-max-min,bom_deep_7_3_15_5_No1_p70_ao98_am15_1_m25_ao98_am25_1,98,1,UNSATISFIED,0.0248,-1.0,1
fopno-max-min,bom_deep_7_3_15_5_No1_p70_ao98_am15_1_m25_ao98_am25_2,98,1,UNSATISFIED,0.0331,-1.0,1
fopno-max-min,bom_deep_7_3_15_5_No1_p70_ao98_am15_1_m25_ao98_am25_3,98,1,UNSATISFIED,0.0245,-1.0,1
fopno-max-min,bom_deep_7_3_15_5_No1_p70_ao98_am15_1_m25_ao98_am25_4,98,1,UNSATISFIED,0.0259,-1.0,1
fopno-max-min,bom_deep_7_3_15_5_No1_p70_ao98_am15_1_m25_ao98_am25_5,98,1,UNSATISFIED,0.0262,-1.0,1
fopno-max-min,bom_deep_7_3_15_5_No1_p70_ao98_am15_2,98,1,UNSATISFIED,0.024,-1.0,1
fopno-max-min,bom_deep_7_3_15_5_No1_p70_ao98_am15_2_m12_ao98_am12_1,98,1,UNSATISFIED,0.0238,-1.0,1
fopno-max-min,bom_deep_7_3_15_5_No1_p70_ao98_am15_2_m12_ao98_am12_2,98,1,UNSATISFIED,0.0239,-1.0,1
fopno-max-min,bom_deep_7_3_15_5_No1_p70_ao98_am15_2_m12_ao98_am12_3,98,1,UNSATISFIED,0.0263,-1.0,1
fopno-max-min,bom_deep_7_3_15_5_No1_p70_ao98_am15_2_m12_ao98_am12_4,98,1,UNSATISFIED,0.0265,-1.0,1
fopno-max-min,bom_deep_7_3_15_5_No1_p70_ao98_am15_2_m12_ao98_am12_5,98,1,UNSATISFIED,0.0456,-1.0,1
fopno-max-min,bom_deep_7_3_15_5_No1_p70_ao98_am15_2_m25_ao98_am24_1,98,1,UNSATISFIED,0.0493,-1.0,1
fopno-max-min,bom_deep_7_3_15_5_No1_p70_ao98_am15_2_m25_ao98_am25_2,98,1,UNSATISFIED,0.0493,-1.0,1
fopno-max-min,bom_deep_7_3_15_5_No1_p70_ao98_am15_2_m25_ao98_am25_3,98,1,UNSATISFIED,0.0502,-1.0,1
fopno-max-min,bom_deep_7_3_15_5_No1_p70_ao98_am15_2_m25_ao98_am25_4,98,1,UNSATISFIED,0.0448,-1.0,1
fopno-max-min,bom_deep_7_3_15_5_No1_p70_ao98_am15_2_m25_ao98_am25_5,98,1,UNSATISFIED,0.0499,-1.0,1
fopno-max-min,bom_deep_7_3_15_5_No1_p70_ao98_am15_3,98,1,UNSATISFIED,0.0504,-1.0,1
fopno-max-min,bom_deep_7_3_15_5_No1_p70_ao98_am15_3_m12_ao98_am12_1,98,1,UNSATISFIED,0.0501,-1.0,1
fopno-max-min,bom_deep_7_3_15_5_No1_p70_ao98_am15_3_m12_ao98_am12_2,98,1,UNSATISFIED,0.0501,-1.0,1
fopno-max-min,bom_deep_7_3_15_5_No1_p70_ao98_am15_3_m12_ao98_am12_3,98,1,UNSATISFIED,0.0498,-1.0,1
fopno-max-min,bom_deep_7_3_15_5_No1_p70_ao98_am15_3_m12_ao98_am12_4,98,1,UNSATISFIED,0.0418,-1.0,1
fopno-max-min,bom_deep_7_3_15_5_No1_p70_ao98_am15_3_m12_ao98_am12_5,98,1,UNSATISFIED,0.0502,-1.0,1
fopno-max-min,bom_deep_7_3_15_5_No1_p70_ao98_am15_3_m25_ao98_am23_3,98,1,UNSATISFIED,0.0505,-1.0,1
fopno-max-min,bom_deep_7_3_15_5_No1_p70_ao98_am15_3_m25_ao98_am25_1,98,1,UNSATISFIED,0.0509,-1.0,1
fopno-max-min,bom_deep_7_3_15_5_No1_p70_ao98_am15_3_m25_ao98_am25_2,98,1,UNSATISFIED,0.0498,-1.0,1
fopno-max-min,bom_deep_7_3_15_5_No1_p70_ao98_am15_3_m25_ao98_am25_4,98,1,UNSATISFIED,0.0432,-1.0,1
fopno-max-min,bom_deep_7_3_15_5_No1_p70_ao98_am15_3_m25_ao98_am25_5,98,1,SATISFIED,0.0585,357393600.0,1
fopno-max-min,bom_deep_7_3_15_5_No1_p70_ao98_am15_4,98,1,UNSATISFIED,0.0576,-1.0,1
fopno-max-min,bom_deep_7_3_15_5_No1_p70_ao98_am15_4_m12_ao98_am12_1,98,1,UNSATISFIED,0.134,-1.0,1
fopno-max-min,bom_deep_7_3_15_5_No1_p70_ao98_am15_4_m12_ao98_am12_2,98,1,UNSATISFIED,0.047,-1.0,1
fopno-max-min,bom_deep_7_3_15_5_No1_p70_ao98_am15_4_m12_ao98_am12_3,98,1,UNSATISFIED,0.0443,-1.0,1
fopno-max-min,bom_deep_7_3_15_5_No1_p70_ao98_am15_4_m12_ao98_am12_4,98,1,UNSATISFIED,0.0428,-1.0,1
fopno-max-min,bom_deep_7_3_15_5_No1_p70_ao98_am15_4_m12_ao98_am12_5,98,1,UNSATISFIED,0.0431,-1.0,1
fopno-max-min,bom_deep_7_3_15_5_No1_p70_ao98_am15_4_m25_ao98_am25_1,98,1,UNSATISFIED,0.0403,-1.0,1
fopno-max-min,bom_deep_7_3_15_5_No1_p70_ao98_am15_4_m25_ao98_am25_2,98,1,UNSATISFIED,0.0386,-1.0,1
fopno-max-min,bom_deep_7_3_15_5_No1_p70_ao98_am15_4_m25_ao98_am25_3,98,1,UNSATISFIED,0.0368,-1.0,1
fopno-max-min,bom_deep_7_3_15_5_No1_p70_ao98_am15_4_m25_ao98_am25_4,98,1,UNSATISFIED,0.0351,-1.0,1
fopno-max-min,bom_deep_7_3_15_5_No1_p70_ao98_am15_4_m25_ao98_am25_5,98,1,UNSATISFIED,0.0335,-1.0,1
fopno-max-min,bom_deep_7_3_15_5_No1_p70_ao98_am15_5,98,1,UNSATISFIED,0.029,-1.0,1
fopno-max-min,bom_deep_7_3_15_5_No1_p70_ao98_am15_5_m12_ao98_am12_1,98,1,SATISFIED,0.0318,806736810.0,1
fopno-max-min,bom_deep_7_3_15_5_No1_p70_ao98_am15_5_m12_ao98_am12_2,98,1,UNSATISFIED,0.0311,-1.0,1
fopno-max-min,bom_deep_7_3_15_5_No1_p70_ao98_am15_5_m12_ao98_am12_3,98,1,SATISFIED,0.0317,306298830.0,1
fopno-max-min,bom_deep_7_3_15_5_No1_p70_ao98_am15_5_m12_ao98_am12_4,98,1,SATISFIED,0.032,773826675.0,1
fopno-max-min,bom_deep_7_3_15_5_No1_p70_ao98_am15_5_m12_ao98_am12_5,98,1,UNSATISFIED,0.0288,-1.0,1
fopno-max-min,bom_deep_7_3_15_5_No1_p70_ao98_am15_5_m25_ao98_am25_1,98,1,SATISFIED,0.0321,543973770.0,1
fopno-max-min,bom_deep_7_3_15_5_No1_p70_ao98_am15_5_m25_ao98_am25_2,98,1,SATISFIED,0.0317,326238225.0,1
fopno-max-min,bom_deep_7_3_15_5_No1_p70_ao98_am15_5_m25_ao98_am25_3,98,1,SATISFIED,0.0319,249826455.0,1
fopno-max-min,bom_deep_7_3_15_5_No1_p70_ao98_am15_5_m25_ao98_am25_4,98,1,SATISFIED,0.0321,626350080.0,1
fopno-max-min,bom_deep_7_3_15_5_No1_p70_ao98_am15_5_m25_ao98_am25_5,98,1,UNSATISFIED,0.0363,-1.0,1
fopno-max-min,bom_deep_7_3_15_5_No1_p80_ao104_am15_1,104,1,UNSATISFIED,0.0289,-1.0,1
fopno-max-min,bom_deep_7_3_15_5_No1_p80_ao104_am15_1_m17_ao104_am16_1,104,1,UNSATISFIED,0.0388,-1.0,1
fopno-max-min,bom_deep_7_3_15_5_No1_p80_ao104_am15_1_m17_ao104_am16_2,104,1,SATISFIED,0.0401,166445880.0,1
fopno-max-min,bom_deep_7_3_15_5_No1_p80_ao104_am15_1_m17_ao104_am16_5,104,1,UNSATISFIED,0.0275,-1.0,1
fopno-max-min,bom_deep_7_3_15_5_No1_p80_ao104_am15_1_m17_ao104_am17_3,104,1,SATISFIED,0.0404,247714884.0,1
fopno-max-min,bom_deep_7_3_15_5_No1_p80_ao104_am15_1_m17_ao104_am17_4,104,1,SATISFIED,0.0403,387172350.0,1
fopno-max-min,bom_deep_7_3_15_5_No1_p80_ao104_am15_1_m45_ao104_am43_3,104,1,SATISFIED,0.0407,591220560.0,1
fopno-max-min,bom_deep_7_3_15_5_No1_p80_ao104_am15_1_m45_ao104_am45_1,104,1,UNSATISFIED,0.0382,-1.0,1
fopno-max-min,bom_deep_7_3_15_5_No1_p80_ao104_am15_1_m45_ao104_am45_2,104,1,SATISFIED,0.0406,390292020.0,1
fopno-max-min,bom_deep_7_3_15_5_No1_p80_ao104_am15_1_m45_ao104_am45_4,104,1,SATISFIED,0.0412,661264965.0,1
fopno-max-min,bom_deep_7_3_15_5_No1_p80_ao104_am15_1_m45_ao104_am45_5,104,1,UNSATISFIED,0.0304,-1.0,1
fopno-max-min,bom_deep_7_3_15_5_No1_p80_ao104_am15_2,104,1,UNSATISFIED,0.0298,-1.0,1
fopno-max-min,bom_deep_7_3_15_5_No1_p80_ao104_am15_2_m17_ao104_am15_1,104,1,UNSATISFIED,0.0367,-1.0,1
fopno-max-min,bom_deep_7_3_15_5_No1_p80_ao104_am15_2_m17_ao104_am16_3,104,1,UNSATISFIED,0.0292,-1.0,1
fopno-max-min,bom_deep_7_3_15_5_No1_p80_ao104_am15_2_m17_ao104_am17_2,104,1,UNSATISFIED,0.1182,-1.0,1
fopno-max-min,bom_deep_7_3_15_5_No1_p80_ao104_am15_2_m17_ao104_am17_4,104,1,UNSATISFIED,0.0289,-1.0,1
fopno-max-min,bom_deep_7_3_15_5_No1_p80_ao104_am15_2_m17_ao104_am17_5,104,1,UNSATISFIED,0.0292,-1.0,1
fopno-max-min,bom_deep_7_3_15_5_No1_p80_ao104_am15_2_m45_ao104_am44_4,104,1,SATISFIED,0.0413,182439324.0,1
fopno-max-min,bom_deep_7_3_15_5_No1_p80_ao104_am15_2_m45_ao104_am45_1,104,1,SATISFIED,0.0413,346685562.0,1
fopno-max-min,bom_deep_7_3_15_5_No1_p80_ao104_am15_2_m45_ao104_am45_2,104,1,SATISFIED,0.0411,227698716.0,1
fopno-max-min,bom_deep_7_3_15_5_No1_p80_ao104_am15_2_m45_ao104_am45_3,104,1,SATISFIED,0.0416,194382309.0,1
fopno-max-min,bom_deep_7_3_15_5_No1_p80_ao104_am15_2_m45_ao104_am45_5,104,1,UNSATISFIED,0.03,-1.0,1
fopno-max-min,bom_deep_7_3_15_5_No1_p80_ao104_am15_3,104,1,UNSATISFIED,0.0417,-1.0,1
fopno-max-min,bom_deep_7_3_15_5_No1_p80_ao104_am15_3_m17_ao104_am16_2,104,1,SATISFIED,0.0411,440472120.0,1
fopno-max-min,bom_deep_7_3_15_5_No1_p80_ao104_am15_3_m17_ao104_am16_5,104,1,SATISFIED,0.0421,368036100.0,1
fopno-max-min,bom_deep_7_3_15_5_No1_p80_ao104_am15_3_m17_ao104_am17_1,104,1,UNSATISFIED,0.041,-1.0,1
fopno-max-min,bom_deep_7_3_15_5_No1_p80_ao104_am15_3_m17_ao104_am17_3,104,1,UNSATISFIED,0.0434,-1.0,1
fopno-max-min,bom_deep_7_3_15_5_No1_p80_ao104_am15_3_m17_ao104_am17_4,104,1,SATISFIED,0.0432,350224125.0,1
fopno-max-min,bom_deep_7_3_15_5_No1_p80_ao104_am15_3_m45_ao104_am44_2,104,1,UNSATISFIED,0.0421,-1.0,1
fopno-max-min,bom_deep_7_3_15_5_No1_p80_ao104_am15_3_m45_ao104_am44_3,104,1,UNSATISFIED,0.0403,-1.0,1
fopno-max-min,bom_deep_7_3_15_5_No1_p80_ao104_am15_3_m45_ao104_am45_1,104,1,UNSATISFIED,0.0402,-1.0,1
fopno-max-min,bom_deep_7_3_15_5_No1_p80_ao104_am15_3_m45_ao104_am45_4,104,1,UNSATISFIED,0.0397,-1.0,1
fopno-max-min,bom_deep_7_3_15_5_No1_p80_ao104_am15_3_m45_ao104_am45_5,104,1,UNSATISFIED,0.0397,-1.0,1
fopno-max-min,bom_deep_7_3_15_5_No1_p80_ao104_am15_4,104,1,SATISFIED,0.0372,204841980.0,1
fopno-max-min,bom_deep_7_3_15_5_No1_p80_ao104_am15_4_m17_ao104_am17_1,104,1,UNSATISFIED,0.0317,-1.0,1
fopno-max-min,bom_deep_7_3_15_5_No1_p80_ao104_am15_4_m17_ao104_am17_2,104,1,SATISFIED,0.0371,192831732.0,1
fopno-max-min,bom_deep_7_3_15_5_No1_p80_ao104_am15_4_m17_ao104_am17_3,104,1,UNSATISFIED,0.0315,-1.0,1
fopno-max-min,bom_deep_7_3_15_5_No1_p80_ao104_am15_4_m17_ao104_am17_4,104,1,UNSATISFIED,0.0314,-1.0,1
fopno-max-min,bom_deep_7_3_15_5_No1_p80_ao104_am15_4_m17_ao104_am17_5,104,1,SATISFIED,0.0364,136691112.0,1
fopno-max-min,bom_deep_7_3_15_5_No1_p80_ao104_am15_4_m45_ao104_am45_1,104,1,UNSATISFIED,0.032,-1.0,1
fopno-max-min,bom_deep_7_3_15_5_No1_p80_ao104_am15_4_m45_ao104_am45_2,104,1,SATISFIED,0.0367,922100175.0,1
fopno-max-min,bom_deep_7_3_15_5_No1_p80_ao104_am15_4_m45_ao104_am45_3,104,1,UNSATISFIED,0.032,-1.0,1
fopno-max-min,bom_deep_7_3_15_5_No1_p80_ao104_am15_4_m45_ao104_am45_4,104,1,UNSATISFIED,0.0323,-1.0,1
fopno-max-min,bom_deep_7_3_15_5_No1_p80_ao104_am15_4_m45_ao104_am45_5,104,1,UNSATISFIED,0.0324,-1.0,1
fopno-max-min,bom_deep_7_3_15_5_No1_p80_ao104_am15_5,104,1,UNSATISFIED,0.0275,-1.0,1
fopno-max-min,bom_deep_7_3_15_5_No1_p80_ao104_am15_5_m17_ao104_am17_1,104,1,UNSATISFIED,0.0279,-1.0,1
fopno-max-min,bom_deep_7_3_15_5_No1_p80_ao104_am15_5_m17_ao104_am17_2,104,1,UNSATISFIED,0.0275,-1.0,1
fopno-max-min,bom_deep_7_3_15_5_No1_p80_ao104_am15_5_m17_ao104_am17_3,104,1,UNSATISFIED,0.0273,-1.0,1
fopno-max-min,bom_deep_7_3_15_5_No1_p80_ao104_am15_5_m17_ao104_am17_4,104,1,UNSATISFIED,0.0274,-1.0,1
fopno-max-min,bom_deep_7_3_15_5_No1_p80_ao104_am15_5_m17_ao104_am17_5,104,1,UNSATISFIED,0.0298,-1.0,1
fopno-max-min,bom_deep_7_3_15_5_No1_p80_ao104_am15_5_m45_ao104_am44_1,104,1,UNSATISFIED,0.0284,-1.0,1
fopno-max-min,bom_deep_7_3_15_5_No1_p80_ao104_am15_5_m45_ao104_am44_3,104,1,SATISFIED,0.0399,165497700.0,1
fopno-max-min,bom_deep_7_3_15_5_No1_p80_ao104_am15_5_m45_ao104_am45_2,104,1,UNSATISFIED,0.0343,-1.0,1
fopno-max-min,bom_deep_7_3_15_5_No1_p80_ao104_am15_5_m45_ao104_am45_4,104,1,SATISFIED,0.0396,246268530.0,1
fopno-max-min,bom_deep_7_3_15_5_No1_p80_ao104_am15_5_m45_ao104_am45_5,104,1,UNSATISFIED,0.0301,-1.0,1
fcfs-b,bom_deep_7_3_15_5_No1_p70_ao98_am15_1,98,1,SATISFIED,0.0307,152045958.0,1
fcfs-b,bom_deep_7_3_15_5_No1_p70_ao98_am15_1_m12_ao98_am12_1,98,1,SATISFIED,0.0309,171723186.0,1
fcfs-b,bom_deep_7_3_15_5_No1_p70_ao98_am15_1_m12_ao98_am12_2,98,1,SATISFIED,0.0312,141928870.0,1
fcfs-b,bom_deep_7_3_15_5_No1_p70_ao98_am15_1_m12_ao98_am12_3,98,1,SATISFIED,0.0317,252986322.0,1
fcfs-b,bom_deep_7_3_15_5_No1_p70_ao98_am15_1_m12_ao98_am12_4,98,1,SATISFIED,0.0313,152332844.0,1
fcfs-b,bom_deep_7_3_15_5_No1_p70_ao98_am15_1_m12_ao98_am12_5,98,1,SATISFIED,0.0313,166552644.0,1
fcfs-b,bom_deep_7_3_15_5_No1_p70_ao98_am15_1_m25_ao98_am25_1,98,1,SATISFIED,0.0311,127757448.0,1
fcfs-b,bom_deep_7_3_15_5_No1_p70_ao98_am15_1_m25_ao98_am25_2,98,1,SATISFIED,0.0313,133388775.0,1
fcfs-b,bom_deep_7_3_15_5_No1_p70_ao98_am15_1_m25_ao98_am25_3,98,1,SATISFIED,0.0314,148359360.0,1
fcfs-b,bom_deep_7_3_15_5_No1_p70_ao98_am15_1_m25_ao98_am25_4,98,1,SATISFIED,0.0314,91736796.0,1
fcfs-b,bom_deep_7_3_15_5_No1_p70_ao98_am15_1_m25_ao98_am25_5,98,1,SATISFIED,0.0318,196334535.0,1
fcfs-b,bom_deep_7_3_15_5_No1_p70_ao98_am15_2,98,1,UNSATISFIED,0.03,-1.0,1
fcfs-b,bom_deep_7_3_15_5_No1_p70_ao98_am15_2_m12_ao98_am12_1,98,1,UNSATISFIED,0.03,-1.0,1
fcfs-b,bom_deep_7_3_15_5_No1_p70_ao98_am15_2_m12_ao98_am12_2,98,1,SATISFIED,0.0306,162083922.0,1
fcfs-b,bom_deep_7_3_15_5_No1_p70_ao98_am15_2_m12_ao98_am12_3,98,1,SATISFIED,0.0308,150227180.0,1
fcfs-b,bom_deep_7_3_15_5_No1_p70_ao98_am15_2_m12_ao98_am12_4,98,1,SATISFIED,0.0308,183943252.0,1
fcfs-b,bom_deep_7_3_15_5_No1_p70_ao98_am15_2_m12_ao98_am12_5,98,1,SATISFIED,0.0309,154735840.0,1
fcfs-b,bom_deep_7_3_15_5_No1_p70_ao98_am15_2_m25_ao98_am24_1,98,1,SATISFIED,0.0307,227236116.0,1
fcfs-b,bom_deep_7_3_15_5_No1_p70_ao98_am15_2_m25_ao98_am25_2,98,1,SATISFIED,0.0309,278721069.0,1
fcfs-b,bom_deep_7_3_15_5_No1_p70_ao98_am15_2_m25_ao98_am25_3,98,1,SATISFIED,0.0303,211986940.0,1
fcfs-b,bom_deep_7_3_15_5_No1_p70_ao98_am15_2_m25_ao98_am25_4,98,1,SATISFIED,0.0311,205669260.0,1
fcfs-b,bom_deep_7_3_15_5_No1_p70_ao98_am15_2_m25_ao98_am25_5,98,1,SATISFIED,0.0308,116825184.0,1
fcfs-b,bom_deep_7_3_15_5_No1_p70_ao98_am15_3,98,1,SATISFIED,0.0302,376975890.0,1
fcfs-b,bom_deep_7_3_15_5_No1_p70_ao98_am15_3_m12_ao98_am12_1,98,1,SATISFIED,0.0297,342061506.0,1
fcfs-b,bom_deep_7_3_15_5_No1_p70_ao98_am15_3_m12_ao98_am12_2,98,1,SATISFIED,0.0301,469760325.0,1
fcfs-b,bom_deep_7_3_15_5_No1_p70_ao98_am15_3_m12_ao98_am12_3,98,1,SATISFIED,0.0303,250175221.0,1
fcfs-b,bom_deep_7_3_15_5_No1_p70_ao98_am15_3_m12_ao98_am12_4,98,1,UNSATISFIED,0.0298,-1.0,1
fcfs-b,bom_deep_7_3_15_5_No1_p70_ao98_am15_3_m12_ao98_am12_5,98,1,SATISFIED,0.03,553316853.0,1
fcfs-b,bom_deep_7_3_15_5_No1_p70_ao98_am15_3_m25_ao98_am23_3,98,1,SATISFIED,0.0309,698435730.0,1
fcfs-b,bom_deep_7_3_15_5_No1_p70_ao98_am15_3_m25_ao98_am25_1,98,1,SATISFIED,0.0305,454587468.0,1
fcfs-b,bom_deep_7_3_15_5_No1_p70_ao98_am15_3_m25_ao98_am25_2,98,1,SATISFIED,0.0307,339817580.0,1
fcfs-b,bom_deep_7_3_15_5_No1_p70_ao98_am15_3_m25_ao98_am25_4,98,1,SATISFIED,0.0301,513368955.0,1
fcfs-b,bom_deep_7_3_15_5_No1_p70_ao98_am15_3_m25_ao98_am25_5,98,1,SATISFIED,0.0301,211011210.0,1
fcfs-b,bom_deep_7_3_15_5_No1_p70_ao98_am15_4,98,1,SATISFIED,0.0313,246357585.0,1
fcfs-b,bom_deep_7_3_15_5_No1_p70_ao98_am15_4_m12_ao98_am12_1,98,1,SATISFIED,0.0307,256070904.0,1
fcfs-b,bom_deep_7_3_15_5_No1_p70_ao98_am15_4_m12_ao98_am12_2,98,1,SATISFIED,0.0309,243194760.0,1
fcfs-b,bom_deep_7_3_15_5_No1_p70_ao98_am15_4_m12_ao98_am12_3,98,1,SATISFIED,0.031,241482660.0,1
fcfs-b,bom_deep_7_3_15_5_No1_p70_ao98_am15_4_m12_ao98_am12_4,98,1,SATISFIED,0.0309,285098100.0,1
fcfs-b,bom_deep_7_3_15_5_No1_p70_ao98_am15_4_m12_ao98_am12_5,98,1,SATISFIED,0.0308,345670929.0,1
fcfs-b,bom_deep_7_3_15_5_No1_p70_ao98_am15_4_m25_ao98_am25_1,98,1,SATISFIED,0.0311,233322468.0,1
fcfs-b,bom_deep_7_3_15_5_No1_p70_ao98_am15_4_m25_ao98_am25_2,98,1,SATISFIED,0.0314,279317436.0,1
fcfs-b,bom_deep_7_3_15_5_No1_p70_ao98_am15_4_m25_ao98_am25_3,98,1,SATISFIED,0.0311,326767611.0,1
fcfs-b,bom_deep_7_3_15_5_No1_p70_ao98_am15_4_m25_ao98_am25_4,98,1,SATISFIED,0.0313,366829803.0,1
fcfs-b,bom_deep_7_3_15_5_No1_p70_ao98_am15_4_m25_ao98_am25_5,98,1,SATISFIED,0.0315,196729425.0,1
fcfs-b,bom_deep_7_3_15_5_No1_p70_ao98_am15_5,98,1,UNSATISFIED,0.0283,-1.0,1
fcfs-b,bom_deep_7_3_15_5_No1_p70_ao98_am15_5_m12_ao98_am12_1,98,1,SATISFIED,0.0296,500461290.0,1
fcfs-b,bom_deep_7_3_15_5_No1_p70_ao98_am15_5_m12_ao98_am12_2,98,1,SATISFIED,0.0294,599791965.0,1
fcfs-b,bom_deep_7_3_15_5_No1_p70_ao98_am15_5_m12_ao98_am12_3,98,1,SATISFIED,0.0292,298575741.0,1
fcfs-b,bom_deep_7_3_15_5_No1_p70_ao98_am15_5_m12_ao98_am12_4,98,1,SATISFIED,0.0291,453889290.0,1
fcfs-b,bom_deep_7_3_15_5_No1_p70_ao98_am15_5_m12_ao98_am12_5,98,1,SATISFIED,0.0288,417489432.0,1
fcfs-b,bom_deep_7_3_15_5_No1_p70_ao98_am15_5_m25_ao98_am25_1,98,1,SATISFIED,0.029,444658704.0,1
fcfs-b,bom_deep_7_3_15_5_No1_p70_ao98_am15_5_m25_ao98_am25_2,98,1,SATISFIED,0.0291,160510230.0,1
fcfs-b,bom_deep_7_3_15_5_No1_p70_ao98_am15_5_m25_ao98_am25_3,98,1,SATISFIED,0.0294,127173663.0,1
fcfs-b,bom_deep_7_3_15_5_No1_p70_ao98_am15_5_m25_ao98_am25_4,98,1,SATISFIED,0.0288,248250764.0,1
fcfs-b,bom_deep_7_3_15_5_No1_p70_ao98_am15_5_m25_ao98_am25_5,98,1,SATISFIED,0.0291,480120334.0,1
fcfs-b,bom_deep_7_3_15_5_No1_p80_ao104_am15_1,104,1,SATISFIED,0.0349,387523770.0,1
fcfs-b,bom_deep_7_3_15_5_No1_p80_ao104_am15_1_m17_ao104_am16_1,104,1,SATISFIED,0.0341,393308268.0,1
fcfs-b,bom_deep_7_3_15_5_No1_p80_ao104_am15_1_m17_ao104_am16_2,104,1,SATISFIED,0.0342,161681580.0,1
fcfs-b,bom_deep_7_3_15_5_No1_p80_ao104_am15_1_m17_ao104_am16_5,104,1,UNSATISFIED,0.0338,-1.0,1
fcfs-b,bom_deep_7_3_15_5_No1_p80_ao104_am15_1_m17_ao104_am17_3,104,1,SATISFIED,0.0342,213022098.0,1
fcfs-b,bom_deep_7_3_15_5_No1_p80_ao104_am15_1_m17_ao104_am17_4,104,1,SATISFIED,0.0342,349422750.0,1
fcfs-b,bom_deep_7_3_15_5_No1_p80_ao104_am15_1_m45_ao104_am43_3,104,1,SATISFIED,0.0357,424035085.0,1
fcfs-b,bom_deep_7_3_15_5_No1_p80_ao104_am15_1_m45_ao104_am45_1,104,1,SATISFIED,0.0352,362062044.0,1
fcfs-b,bom_deep_7_3_15_5_No1_p80_ao104_am15_1_m45_ao104_am45_2,104,1,SATISFIED,0.0354,213063450.0,1
fcfs-b,bom_deep_7_3_15_5_No1_p80_ao104_am15_1_m45_ao104_am45_4,104,1,SATISFIED,0.0351,265742523.0,1
fcfs-b,bom_deep_7_3_15_5_No1_p80_ao104_am15_1_m45_ao104_am45_5,104,1,SATISFIED,0.0356,281139969.0,1
fcfs-b,bom_deep_7_3_15_5_No1_p80_ao104_am15_2,104,1,SATISFIED,0.0367,264739500.0,1
fcfs-b,bom_deep_7_3_15_5_No1_p80_ao104_am15_2_m17_ao104_am15_1,104,1,SATISFIED,0.0359,301529910.0,1
fcfs-b,bom_deep_7_3_15_5_No1_p80_ao104_am15_2_m17_ao104_am16_3,104,1,SATISFIED,0.0356,451318425.0,1
fcfs-b,bom_deep_7_3_15_5_No1_p80_ao104_am15_2_m17_ao104_am17_2,104,1,SATISFIED,0.0357,279242460.0,1
fcfs-b,bom_deep_7_3_15_5_No1_p80_ao104_am15_2_m17_ao104_am17_4,104,1,SATISFIED,0.036,301219020.0,1
fcfs-b,bom_deep_7_3_15_5_No1_p80_ao104_am15_2_m17_ao104_am17_5,104,1,SATISFIED,0.0362,345416310.0,1
fcfs-b,bom_deep_7_3_15_5_No1_p80_ao104_am15_2_m45_ao104_am44_4,104,1,SATISFIED,0.037,66666940.0,1
fcfs-b,bom_deep_7_3_15_5_No1_p80_ao104_am15_2_m45_ao104_am45_1,104,1,SATISFIED,0.0376,192750066.0,1
fcfs-b,bom_deep_7_3_15_5_No1_p80_ao104_am15_2_m45_ao104_am45_2,104,1,SATISFIED,0.0376,110727180.0,1
fcfs-b,bom_deep_7_3_15_5_No1_p80_ao104_am15_2_m45_ao104_am45_3,104,1,SATISFIED,0.0367,65908440.0,1
fcfs-b,bom_deep_7_3_15_5_No1_p80_ao104_am15_2_m45_ao104_am45_5,104,1,SATISFIED,0.0373,178662654.0,1
fcfs-b,bom_deep_7_3_15_5_No1_p80_ao104_am15_3,104,1,SATISFIED,0.0369,424083555.0,1
fcfs-b,bom_deep_7_3_15_5_No1_p80_ao104_am15_3_m17_ao104_am16_2,104,1,SATISFIED,0.0361,372227580.0,1
fcfs-b,bom_deep_7_3_15_5_No1_p80_ao104_am15_3_m17_ao104_am16_5,104,1,SATISFIED,0.0357,255709200.0,1
fcfs-b,bom_deep_7_3_15_5_No1_p80_ao104_am15_3_m17_ao104_am17_1,104,1,SATISFIED,0.0359,559304370.0,1
fcfs-b,bom_deep_7_3_15_5_No1_p80_ao104_am15_3_m17_ao104_am17_3,104,1,SATISFIED,0.0361,918060795.0,1
fcfs-b,bom_deep_7_3_15_5_No1_p80_ao104_am15_3_m17_ao104_am17_4,104,1,SATISFIED,0.0364,216439425.0,1
fcfs-b,bom_deep_7_3_15_5_No1_p80_ao104_am15_3_m45_ao104_am44_2,104,1,SATISFIED,0.0375,391375796.0,1
fcfs-b,bom_deep_7_3_15_5_No1_p80_ao104_am15_3_m45_ao104_am44_3,104,1,SATISFIED,0.0372,316970712.0,1
fcfs-b,bom_deep_7_3_15_5_No1_p80_ao104_am15_3_m45_ao104_am45_1,104,1,SATISFIED,0.0373,394318458.0,1
fcfs-b,bom_deep_7_3_15_5_No1_p80_ao104_am15_3_m45_ao104_am45_4,104,1,SATISFIED,0.0376,550283292.0,1
fcfs-b,bom_deep_7_3_15_5_No1_p80_ao104_am15_3_m45_ao104_am45_5,104,1,SATISFIED,0.0373,547976373.0,1
fcfs-b,bom_deep_7_3_15_5_No1_p80_ao104_am15_4,104,1,UNSATISFIED,0.0338,-1.0,1
fcfs-b,bom_deep_7_3_15_5_No1_p80_ao104_am15_4_m17_ao104_am17_1,104,1,UNSATISFIED,0.033,-1.0,1
fcfs-b,bom_deep_7_3_15_5_No1_p80_ao104_am15_4_m17_ao104_am17_2,104,1,SATISFIED,0.0336,147811365.0,1
fcfs-b,bom_deep_7_3_15_5_No1_p80_ao104_am15_4_m17_ao104_am17_3,104,1,SATISFIED,0.0339,530888160.0,1
fcfs-b,bom_deep_7_3_15_5_No1_p80_ao104_am15_4_m17_ao104_am17_4,104,1,SATISFIED,0.113,520476855.0,1
fcfs-b,bom_deep_7_3_15_5_No1_p80_ao104_am15_4_m17_ao104_am17_5,104,1,SATISFIED,0.0342,105027780.0,1
fcfs-b,bom_deep_7_3_15_5_No1_p80_ao104_am15_4_m45_ao104_am45_1,104,1,SATISFIED,0.035,315652716.0,1
fcfs-b,bom_deep_7_3_15_5_No1_p80_ao104_am15_4_m45_ao104_am45_2,104,1,SATISFIED,0.0347,285888170.0,1
fcfs-b,bom_deep_7_3_15_5_No1_p80_ao104_am15_4_m45_ao104_am45_3,104,1,SATISFIED,0.0345,100863975.0,1
fcfs-b,bom_deep_7_3_15_5_No1_p80_ao104_am15_4_m45_ao104_am45_4,104,1,SATISFIED,0.0348,297140688.0,1
fcfs-b,bom_deep_7_3_15_5_No1_p80_ao104_am15_4_m45_ao104_am45_5,104,1,SATISFIED,0.0354,527575095.0,1
fcfs-b,bom_deep_7_3_15_5_No1_p80_ao104_am15_5,104,1,SATISFIED,0.0346,81138180.0,1
fcfs-b,bom_deep_7_3_15_5_No1_p80_ao104_am15_5_m17_ao104_am17_1,104,1,SATISFIED,0.0339,274745670.0,1
fcfs-b,bom_deep_7_3_15_5_No1_p80_ao104_am15_5_m17_ao104_am17_2,104,1,SATISFIED,0.0341,340177995.0,1
fcfs-b,bom_deep_7_3_15_5_No1_p80_ao104_am15_5_m17_ao104_am17_3,104,1,SATISFIED,0.0341,117066780.0,1
fcfs-b,bom_deep_7_3_15_5_No1_p80_ao104_am15_5_m17_ao104_am17_4,104,1,SATISFIED,0.0339,77899014.0,1
fcfs-b,bom_deep_7_3_15_5_No1_p80_ao104_am15_5_m17_ao104_am17_5,104,1,SATISFIED,0.0343,246354738.0,1
fcfs-b,bom_deep_7_3_15_5_No1_p80_ao104_am15_5_m45_ao104_am44_1,104,1,SATISFIED,0.0353,127537236.0,1
fcfs-b,bom_deep_7_3_15_5_No1_p80_ao104_am15_5_m45_ao104_am44_3,104,1,SATISFIED,0.0353,71494376.0,1
fcfs-b,bom_deep_7_3_15_5_No1_p80_ao104_am15_5_m45_ao104_am45_2,104,1,SATISFIED,0.0356,291595206.0,1
fcfs-b,bom_deep_7_3_15_5_No1_p80_ao104_am15_5_m45_ao104_am45_4,104,1,SATISFIED,0.0351,163754882.0,1
fcfs-b,bom_deep_7_3_15_5_No1_p80_ao104_am15_5_m45_ao104_am45_5,104,1,SATISFIED,0.0352,198474255.0,1
fcfs-min,bom_deep_7_3_15_5_No1_p70_ao98_am15_1,98,1,SATISFIED,0.0314,152045958.0,1
fcfs-min,bom_deep_7_3_15_5_No1_p70_ao98_am15_1_m12_ao98_am12_1,98,1,SATISFIED,0.0314,194996430.0,1
fcfs-min,bom_deep_7_3_15_5_No1_p70_ao98_am15_1_m12_ao98_am12_2,98,1,SATISFIED,0.0307,132565243.0,1
fcfs-min,bom_deep_7_3_15_5_No1_p70_ao98_am15_1_m12_ao98_am12_3,98,1,SATISFIED,0.0309,205742727.0,1
fcfs-min,bom_deep_7_3_15_5_No1_p70_ao98_am15_1_m12_ao98_am12_4,98,1,SATISFIED,0.0312,118997546.0,1
fcfs-min,bom_deep_7_3_15_5_No1_p70_ao98_am15_1_m12_ao98_am12_5,98,1,UNSATISFIED,0.0306,-1.0,1
fcfs-min,bom_deep_7_3_15_5_No1_p70_ao98_am15_1_m25_ao98_am25_1,98,1,SATISFIED,0.0311,139559748.0,1
fcfs-min,bom_deep_7_3_15_5_No1_p70_ao98_am15_1_m25_ao98_am25_2,98,1,SATISFIED,0.0313,131292900.0,1
fcfs-min,bom_deep_7_3_15_5_No1_p70_ao98_am15_1_m25_ao98_am25_3,98,1,SATISFIED,0.032,148524660.0,1
fcfs-min,bom_deep_7_3_15_5_No1_p70_ao98_am15_1_m25_ao98_am25_4,98,1,SATISFIED,0.0312,79683996.0,1
fcfs-min,bom_deep_7_3_15_5_No1_p70_ao98_am15_1_m25_ao98_am25_5,98,1,SATISFIED,0.0313,197416185.0,1
fcfs-min,bom_deep_7_3_15_5_No1_p70_ao98_am15_2,98,1,UNSATISFIED,0.0303,-1.0,1
fcfs-min,bom_deep_7_3_15_5_No1_p70_ao98_am15_2_m12_ao98_am12_1,98,1,UNSATISFIED,0.0303,-1.0,1
fcfs-min,bom_deep_7_3_15_5_No1_p70_ao98_am15_2_m12_ao98_am12_2,98,1,SATISFIED,0.0303,200019489.0,1
fcfs-min,bom_deep_7_3_15_5_No1_p70_ao98_am15_2_m12_ao98_am12_3,98,1,SATISFIED,0.0303,150227180.0,1
fcfs-min,bom_deep_7_3_15_5_No1_p70_ao98_am15_2_m12_ao98_am12_4,98,1,SATISFIED,0.031,266583016.0,1
fcfs-min,bom_deep_7_3_15_5_No1_p70_ao98_am15_2_m12_ao98_am12_5,98,1,SATISFIED,0.0305,163509022.0,1
fcfs-min,bom_deep_7_3_15_5_No1_p70_ao98_am15_2_m25_ao98_am24_1,98,1,SATISFIED,0.0306,226185666.0,1
fcfs-min,bom_deep_7_3_15_5_No1_p70_ao98_am15_2_m25_ao98_am25_2,98,1,SATISFIED,0.0303,288164886.0,1
fcfs-min,bom_deep_7_3_15_5_No1_p70_ao98_am15_2_m25_ao98_am25_3,98,1,SATISFIED,0.0304,224974840.0,1
fcfs-min,bom_deep_7_3_15_5_No1_p70_ao98_am15_2_m25_ao98_am25_4,98,1,SATISFIED,0.03,204741000.0,1
fcfs-min,bom_deep_7_3_15_5_No1_p70_ao98_am15_2_m25_ao98_am25_5,98,1,SATISFIED,0.0305,135755184.0,1
fcfs-min,bom_deep_7_3_15_5_No1_p70_ao98_am15_3,98,1,UNSATISFIED,0.0296,-1.0,1
fcfs-min,bom_deep_7_3_15_5_No1_p70_ao98_am15_3_m12_ao98_am12_1,98,1,SATISFIED,0.0298,368292966.0,1
fcfs-min,bom_deep_7_3_15_5_No1_p70_ao98_am15_3_m12_ao98_am12_2,98,1,SATISFIED,0.0301,476261310.0,1
fcfs-min,bom_deep_7_3_15_5_No1_p70_ao98_am15_3_m12_ao98_am12_3,98,1,SATISFIED,0.0296,264623218.0,1
fcfs-min,bom_deep_7_3_15_5_No1_p70_ao98_am15_3_m12_ao98_am12_4,98,1,UNSATISFIED,0.0293,-1.0,1
fcfs-min,bom_deep_7_3_15_5_No1_p70_ao98_am15_3_m12_ao98_am12_5,98,1,SATISFIED,0.03,551360975.0,1
fcfs-min,bom_deep_7_3_15_5_No1_p70_ao98_am15_3_m25_ao98_am23_3,98,1,SATISFIED,0.0298,361618455.0,1
fcfs-min,bom_deep_7_3_15_5_No1_p70_ao98_am15_3_m25_ao98_am25_1,98,1,SATISFIED,0.0298,485367918.0,1
fcfs-min,bom_deep_7_3_15_5_No1_p70_ao98_am15_3_m25_ao98_am25_2,98,1,SATISFIED,0.0298,304876055.0,1
fcfs-min,bom_deep_7_3_15_5_No1_p70_ao98_am15_3_m25_ao98_am25_4,98,1,SATISFIED,0.0302,505479960.0,1
fcfs-min,bom_deep_7_3_15_5_No1_p70_ao98_am15_3_m25_ao98_am25_5,98,1,SATISFIED,0.122,294448260.0,1
fcfs-min,bom_deep_7_3_15_5_No1_p70_ao98_am15_4,98,1,SATISFIED,0.0312,246357585.0,1
fcfs-min,bom_deep_7_3_15_5_No1_p70_ao98_am15_4_m12_ao98_am12_1,98,1,SATISFIED,0.0308,289622724.0,1
fcfs-min,bom_deep_7_3_15_5_No1_p70_ao98_am15_4_m12_ao98_am12_2,98,1,SATISFIED,0.0309,235483560.0,1
fcfs-min,bom_deep_7_3_15_5_No1_p70_ao98_am15_4_m12_ao98_am12_3,98,1,SATISFIED,0.0308,245743008.0,1
fcfs-min,bom_deep_7_3_15_5_No1_p70_ao98_am15_4_m12_ao98_am12_4,98,1,SATISFIED,0.0308,259022580.0,1
fcfs-min,bom_deep_7_3_15_5_No1_p70_ao98_am15_4_m12_ao98_am12_5,98,1,SATISFIED,0.031,353243817.0,1
fcfs-min,bom_deep_7_3_15_5_No1_p70_ao98_am15_4_m25_ao98_am25_1,98,1,SATISFIED,0.0311,199388016.0,1
fcfs-min,bom_deep_7_3_15_5_No1_p70_ao98_am15_4_m25_ao98_am25_2,98,1,SATISFIED,0.0308,279767448.0,1
fcfs-min,bom_deep_7_3_15_5_No1_p70_ao98_am15_4_m25_ao98_am25_3,98,1,SATISFIED,0.031,352482711.0,1
fcfs-min,bom_deep_7_3_15_5_No1_p70_ao98_am15_4_m25_ao98_am25_4,98,1,SATISFIED,0.0313,366829803.0,1
fcfs-min,bom_deep_7_3_15_5_No1_p70_ao98_am15_4_m25_ao98_am25_5,98,1,SATISFIED,0.0314,198475584.0,1
fcfs-min,bom_deep_7_3_15_5_No1_p70_ao98_am15_5,98,1,UNSATISFIED,0.0286,-1.0,1
fcfs-min,bom_deep_7_3_15_5_No1_p70_ao98_am15_5_m12_ao98_am12_1,98,1,SATISFIED,0.0294,449127264.0,1
fcfs-min,bom_deep_7_3_15_5_No1_p70_ao98_am15_5_m12_ao98_am12_2,98,1,SATISFIED,0.0292,598454415.0,1
fcfs-min,bom_deep_7_3_15_5_No1_p70_ao98_am15_5_m12_ao98_am12_3,98,1,SATISFIED,0.0296,375368706.0,1
fcfs-min,bom_deep_7_3_15_5_No1_p70_ao98_am15_5_m12_ao98_am12_4,98,1,SATISFIED,0.0293,691672935.0,1
fcfs-min,bom_deep_7_3_15_5_No1_p70_ao98_am15_5_m12_ao98_am12_5,98,1,SATISFIED,0.0297,438523992.0,1
fcfs-min,bom_deep_7_3_15_5_No1_p70_ao98_am15_5_m25_ao98_am25_1,98,1,SATISFIED,0.0291,420620256.0,1
fcfs-min,bom_deep_7_3_15_5_No1_p70_ao98_am15_5_m25_ao98_am25_2,98,1,SATISFIED,0.0293,160510230.0,1
fcfs-min,bom_deep_7_3_15_5_No1_p70_ao98_am15_5_m25_ao98_am25_3,98,1,SATISFIED,0.0295,109311018.0,1
fcfs-min,bom_deep_7_3_15_5_No1_p70_ao98_am15_5_m25_ao98_am25_4,98,1,SATISFIED,0.0293,247032056.0,1
fcfs-min,bom_deep_7_3_15_5_No1_p70_ao98_am15_5_m25_ao98_am25_5,98,1,SATISFIED,0.0292,491509618.0,1
fcfs-min,bom_deep_7_3_15_5_No1_p80_ao104_am15_1,104,1,SATISFIED,0.0354,391814970.0,1
fcfs-min,bom_deep_7_3_15_5_No1_p80_ao104_am15_1_m17_ao104_am16_1,104,1,SATISFIED,0.0347,416911368.0,1
fcfs-min,bom_deep_7_3_15_5_No1_p80_ao104_am15_1_m17_ao104_am16_2,104,1,SATISFIED,0.0346,161681580.0,1
fcfs-min,bom_deep_7_3_15_5_No1_p80_ao104_am15_1_m17_ao104_am16_5,104,1,UNSATISFIED,0.0341,-1.0,1
fcfs-min,bom_deep_7_3_15_5_No1_p80_ao104_am15_1_m17_ao104_am17_3,104,1,SATISFIED,0.0348,213022098.0,1
fcfs-min,bom_deep_7_3_15_5_No1_p80_ao104_am15_1_m17_ao104_am17_4,104,1,SATISFIED,0.0348,347756250.0,1
fcfs-min,bom_deep_7_3_15_5_No1_p80_ao104_am15_1_m45_ao104_am43_3,104,1,SATISFIED,0.0351,453143665.0,1
fcfs-min,bom_deep_7_3_15_5_No1_p80_ao104_am15_1_m45_ao104_am45_1,104,1,SATISFIED,0.0351,331889544.0,1
fcfs-min,bom_deep_7_3_15_5_No1_p80_ao104_am15_1_m45_ao104_am45_2,104,1,SATISFIED,0.0352,210619320.0,1
fcfs-min,bom_deep_7_3_15_5_No1_p80_ao104_am15_1_m45_ao104_am45_4,104,1,SATISFIED,0.0351,266218047.0,1
fcfs-min,bom_deep_7_3_15_5_No1_p80_ao104_am15_1_m45_ao104_am45_5,104,1,SATISFIED,0.0352,284468955.0,1
fcfs-min,bom_deep_7_3_15_5_No1_p80_ao104_am15_2,104,1,SATISFIED,0.037,264739500.0,1
fcfs-min,bom_deep_7_3_15_5_No1_p80_ao104_am15_2_m17_ao104_am15_1,104,1,SATISFIED,0.0366,302462670.0,1
fcfs-min,bom_deep_7_3_15_5_No1_p80_ao104_am15_2_m17_ao104_am16_3,104,1,SATISFIED,0.0366,438138300.0,1
fcfs-min,bom_deep_7_3_15_5_No1_p80_ao104_am15_2_m17_ao104_am17_2,104,1,SATISFIED,0.0367,279242460.0,1
fcfs-min,bom_deep_7_3_15_5_No1_p80_ao104_am15_2_m17_ao104_am17_4,104,1,SATISFIED,0.0365,298287630.0,1
fcfs-min,bom_deep_7_3_15_5_No1_p80_ao104_am15_2_m17_ao104_am17_5,104,1,SATISFIED,0.0367,347554044.0,1
fcfs-min,bom_deep_7_3_15_5_No1_p80_ao104_am15_2_m45_ao104_am44_4,104,1,SATISFIED,0.0368,66666940.0,1
fcfs-min,bom_deep_7_3_15_5_No1_p80_ao104_am15_2_m45_ao104_am45_1,104,1,SATISFIED,0.0365,191990166.0,1
fcfs-min,bom_deep_7_3_15_5_No1_p80_ao104_am15_2_m45_ao104_am45_2,104,1,SATISFIED,0.037,110727180.0,1
fcfs-min,bom_deep_7_3_15_5_No1_p80_ao104_am15_2_m45_ao104_am45_3,104,1,SATISFIED,0.0371,65908440.0,1
fcfs-min,bom_deep_7_3_15_5_No1_p80_ao104_am15_2_m45_ao104_am45_5,104,1,SATISFIED,0.0371,178662654.0,1
fcfs-min,bom_deep_7_3_15_5_No1_p80_ao104_am15_3,104,1,SATISFIED,0.037,447006630.0,1
fcfs-min,bom_deep_7_3_15_5_No1_p80_ao104_am15_3_m17_ao104_am16_2,104,1,SATISFIED,0.0365,363883836.0,1
fcfs-min,bom_deep_7_3_15_5_No1_p80_ao104_am15_3_m17_ao104_am16_5,104,1,SATISFIED,0.037,255709200.0,1
fcfs-min,bom_deep_7_3_15_5_No1_p80_ao104_am15_3_m17_ao104_am17_1,104,1,SATISFIED,0.0368,559304370.0,1
fcfs-min,bom_deep_7_3_15_5_No1_p80_ao104_am15_3_m17_ao104_am17_3,104,1,SATISFIED,0.0364,918060795.0,1
fcfs-min,bom_deep_7_3_15_5_No1_p80_ao104_am15_3_m17_ao104_am17_4,104,1,SATISFIED,0.0367,216900300.0,1
fcfs-min,bom_deep_7_3_15_5_No1_p80_ao104_am15_3_m45_ao104_am44_2,104,1,SATISFIED,0.0369,391477157.0,1
fcfs-min,bom_deep_7_3_15_5_No1_p80_ao104_am15_3_m45_ao104_am44_3,104,1,SATISFIED,0.0374,316970712.0,1
fcfs-min,bom_deep_7_3_15_5_No1_p80_ao104_am15_3_m45_ao104_am45_1,104,1,SATISFIED,0.0372,480667266.0,1
fcfs-min,bom_deep_7_3_15_5_No1_p80_ao104_am15_3_m45_ao104_am45_4,104,1,SATISFIED,0.0366,550283292.0,1
fcfs-min,bom_deep_7_3_15_5_No1_p80_ao104_am15_3_m45_ao104_am45_5,104,1,SATISFIED,0.0384,547976373.0,1
fcfs-min,bom_deep_7_3_15_5_No1_p80_ao104_am15_4,104,1,UNSATISFIED,0.035,-1.0,1
fcfs-min,bom_deep_7_3_15_5_No1_p80_ao104_am15_4_m17_ao104_am17_1,104,1,UNSATISFIED,0.034,-1.0,1
fcfs-min,bom_deep_7_3_15_5_No1_p80_ao104_am15_4_m17_ao104_am17_2,104,1,SATISFIED,0.0344,153159825.0,1
fcfs-min,bom_deep_7_3_15_5_No1_p80_ao104_am15_4_m17_ao104_am17_3,104,1,SATISFIED,0.0343,530888160.0,1
fcfs-min,bom_deep_7_3_15_5_No1_p80_ao104_am15_4_m17_ao104_am17_4,104,1,SATISFIED,0.0344,558709020.0,1
fcfs-min,bom_deep_7_3_15_5_No1_p80_ao104_am15_4_m17_ao104_am17_5,104,1,SATISFIED,0.0345,105027780.0,1
fcfs-min,bom_deep_7_3_15_5_No1_p80_ao104_am15_4_m45_ao104_am45_1,104,1,SATISFIED,0.0353,308774886.0,1
fcfs-min,bom_deep_7_3_15_5_No1_p80_ao104_am15_4_m45_ao104_am45_2,104,1,SATISFIED,0.0345,287440595.0,1
fcfs-min,bom_deep_7_3_15_5_No1_p80_ao104_am15_4_m45_ao104_am45_3,104,1,SATISFIED,0.0347,100373925.0,1
fcfs-min,bom_deep_7_3_15_5_No1_p80_ao104_am15_4_m45_ao104_am45_4,104,1,SATISFIED,0.0352,297140688.0,1
fcfs-min,bom_deep_7_3_15_5_No1_p80_ao104_am15_4_m45_ao104_am45_5,104,1,SATISFIED,0.0356,527575095.0,1
fcfs-min,bom_deep_7_3_15_5_No1_p80_ao104_am15_5,104,1,SATISFIED,0.0354,78298980.0,1
fcfs-min,bom_deep_7_3_15_5_No1_p80_ao104_am15_5_m17_ao104_am17_1,104,1,SATISFIED,0.0349,208686828.0,1
fcfs-min,bom_deep_7_3_15_5_No1_p80_ao104_am15_5_m17_ao104_am17_2,104,1,SATISFIED,0.0345,340177995.0,1
fcfs-min,bom_deep_7_3_15_5_No1_p80_ao104_am15_5_m17_ao104_am17_3,104,1,SATISFIED,0.0345,115194300.0,1
fcfs-min,bom_deep_7_3_15_5_No1_p80_ao104_am15_5_m17_ao104_am17_4,104,1,UNSATISFIED,0.0319,-1.0,1
fcfs-min,bom_deep_7_3_15_5_No1_p80_ao104_am15_5_m17_ao104_am17_5,104,1,UNSATISFIED,0.0342,-1.0,1
fcfs-min,bom_deep_7_3_15_5_No1_p80_ao104_am15_5_m45_ao104_am44_1,104,1,SATISFIED,0.0358,127054476.0,1
fcfs-min,bom_deep_7_3_15_5_No1_p80_ao104_am15_5_m45_ao104_am44_3,104,1,SATISFIED,0.0376,73475192.0,1
fcfs-min,bom_deep_7_3_15_5_No1_p80_ao104_am15_5_m45_ao104_am45_2,104,1,SATISFIED,0.0356,256019523.0,1
fcfs-min,bom_deep_7_3_15_5_No1_p80_ao104_am15_5_m45_ao104_am45_4,104,1,SATISFIED,0.0355,184858652.0,1
fcfs-min,bom_deep_7_3_15_5_No1_p80_ao104_am15_5_m45_ao104_am45_5,104,1,SATISFIED,0.0353,217945440.0,1
fcfs-max,bom_deep_7_3_15_5_No1_p70_ao98_am15_1,98,1,UNSATISFIED,0.0309,-1.0,1
fcfs-max,bom_deep_7_3_15_5_No1_p70_ao98_am15_1_m12_ao98_am12_1,98,1,UNSATISFIED,0.0288,-1.0,1
fcfs-max,bom_deep_7_3_15_5_No1_p70_ao98_am15_1_m12_ao98_am12_2,98,1,UNSATISFIED,0.0311,-1.0,1
fcfs-max,bom_deep_7_3_15_5_No1_p70_ao98_am15_1_m12_ao98_am12_3,98,1,UNSATISFIED,0.0296,-1.0,1
fcfs-max,bom_deep_7_3_15_5_No1_p70_ao98_am15_1_m12_ao98_am12_4,98,1,UNSATISFIED,0.0305,-1.0,1
fcfs-max,bom_deep_7_3_15_5_No1_p70_ao98_am15_1_m12_ao98_am12_5,98,1,UNSATISFIED,0.0306,-1.0,1
fcfs-max,bom_deep_7_3_15_5_No1_p70_ao98_am15_1_m25_ao98_am25_1,98,1,UNSATISFIED,0.0303,-1.0,1
fcfs-max,bom_deep_7_3_15_5_No1_p70_ao98_am15_1_m25_ao98_am25_2,98,1,UNSATISFIED,0.0302,-1.0,1
fcfs-max,bom_deep_7_3_15_5_No1_p70_ao98_am15_1_m25_ao98_am25_3,98,1,UNSATISFIED,0.0303,-1.0,1
fcfs-max,bom_deep_7_3_15_5_No1_p70_ao98_am15_1_m25_ao98_am25_4,98,1,UNSATISFIED,0.0304,-1.0,1
fcfs-max,bom_deep_7_3_15_5_No1_p70_ao98_am15_1_m25_ao98_am25_5,98,1,UNSATISFIED,0.029,-1.0,1
fcfs-max,bom_deep_7_3_15_5_No1_p70_ao98_am15_2,98,1,UNSATISFIED,0.03,-1.0,1
fcfs-max,bom_deep_7_3_15_5_No1_p70_ao98_am15_2_m12_ao98_am12_1,98,1,UNSATISFIED,0.0285,-1.0,1
fcfs-max,bom_deep_7_3_15_5_No1_p70_ao98_am15_2_m12_ao98_am12_2,98,1,UNSATISFIED,0.0297,-1.0,1
fcfs-max,bom_deep_7_3_15_5_No1_p70_ao98_am15_2_m12_ao98_am12_3,98,1,UNSATISFIED,0.0296,-1.0,1
fcfs-max,bom_deep_7_3_15_5_No1_p70_ao98_am15_2_m12_ao98_am12_4,98,1,UNSATISFIED,0.0297,-1.0,1
fcfs-max,bom_deep_7_3_15_5_No1_p70_ao98_am15_2_m12_ao98_am12_5,98,1,UNSATISFIED,0.0303,-1.0,1
fcfs-max,bom_deep_7_3_15_5_No1_p70_ao98_am15_2_m25_ao98_am24_1,98,1,UNSATISFIED,0.0306,-1.0,1
fcfs-max,bom_deep_7_3_15_5_No1_p70_ao98_am15_2_m25_ao98_am25_2,98,1,SATISFIED,0.0304,483654051.0,1
fcfs-max,bom_deep_7_3_15_5_No1_p70_ao98_am15_2_m25_ao98_am25_3,98,1,UNSATISFIED,0.0297,-1.0,1
fcfs-max,bom_deep_7_3_15_5_No1_p70_ao98_am15_2_m25_ao98_am25_4,98,1,UNSATISFIED,0.0283,-1.0,1
fcfs-max,bom_deep_7_3_15_5_No1_p70_ao98_am15_2_m25_ao98_am25_5,98,1,UNSATISFIED,0.03,-1.0,1
fcfs-max,bom_deep_7_3_15_5_No1_p70_ao98_am15_3,98,1,SATISFIED,0.0301,453564360.0,1
fcfs-max,bom_deep_7_3_15_5_No1_p70_ao98_am15_3_m12_ao98_am12_1,98,1,UNSATISFIED,0.0298,-1.0,1
fcfs-max,bom_deep_7_3_15_5_No1_p70_ao98_am15_3_m12_ao98_am12_2,98,1,UNSATISFIED,0.0296,-1.0,1
fcfs-max,bom_deep_7_3_15_5_No1_p70_ao98_am15_3_m12_ao98_am12_3,98,1,SATISFIED,0.0298,378283155.0,1
fcfs-max,bom_deep_7_3_15_5_No1_p70_ao98_am15_3_m12_ao98_am12_4,98,1,UNSATISFIED,0.0293,-1.0,1
fcfs-max,bom_deep_7_3_15_5_No1_p70_ao98_am15_3_m12_ao98_am12_5,98,1,UNSATISFIED,0.0294,-1.0,1
fcfs-max,bom_deep_7_3_15_5_No1_p70_ao98_am15_3_m25_ao98_am23_3,98,1,UNSATISFIED,0.0294,-1.0,1
fcfs-max,bom_deep_7_3_15_5_No1_p70_ao98_am15_3_m25_ao98_am25_1,98,1,UNSATISFIED,0.0296,-1.0,1
fcfs-max,bom_deep_7_3_15_5_No1_p70_ao98_am15_3_m25_ao98_am25_2,98,1,UNSATISFIED,0.0295,-1.0,1
fcfs-max,bom_deep_7_3_15_5_No1_p70_ao98_am15_3_m25_ao98_am25_4,98,1,UNSATISFIED,0.0297,-1.0,1
fcfs-max,bom_deep_7_3_15_5_No1_p70_ao98_am15_3_m25_ao98_am25_5,98,1,SATISFIED,0.0298,357393600.0,1
fcfs-max,bom_deep_7_3_15_5_No1_p70_ao98_am15_4,98,1,UNSATISFIED,0.0309,-1.0,1
fcfs-max,bom_deep_7_3_15_5_No1_p70_ao98_am15_4_m12_ao98_am12_1,98,1,UNSATISFIED,0.0302,-1.0,1
fcfs-max,bom_deep_7_3_15_5_No1_p70_ao98_am15_4_m12_ao98_am12_2,98,1,UNSATISFIED,0.0281,-1.0,1
fcfs-max,bom_deep_7_3_15_5_No1_p70_ao98_am15_4_m12_ao98_am12_3,98,1,UNSATISFIED,0.03,-1.0,1
fcfs-max,bom_deep_7_3_15_5_No1_p70_ao98_am15_4_m12_ao98_am12_4,98,1,UNSATISFIED,0.0302,-1.0,1
fcfs-max,bom_deep_7_3_15_5_No1_p70_ao98_am15_4_m12_ao98_am12_5,98,1,UNSATISFIED,0.0303,-1.0,1
fcfs-max,bom_deep_7_3_15_5_No1_p70_ao98_am15_4_m25_ao98_am25_1,98,1,UNSATISFIED,0.0305,-1.0,1
fcfs-max,bom_deep_7_3_15_5_No1_p70_ao98_am15_4_m25_ao98_am25_2,98,1,UNSATISFIED,0.0305,-1.0,1
fcfs-max,bom_deep_7_3_15_5_No1_p70_ao98_am15_4_m25_ao98_am25_3,98,1,UNSATISFIED,0.1239,-1.0,1
fcfs-max,bom_deep_7_3_15_5_No1_p70_ao98_am15_4_m25_ao98_am25_4,98,1,UNSATISFIED,0.0308,-1.0,1
fcfs-max,bom_deep_7_3_15_5_No1_p70_ao98_am15_4_m25_ao98_am25_5,98,1,UNSATISFIED,0.0302,-1.0,1
fcfs-max,bom_deep_7_3_15_5_No1_p70_ao98_am15_5,98,1,UNSATISFIED,0.0289,-1.0,1
fcfs-max,bom_deep_7_3_15_5_No1_p70_ao98_am15_5_m12_ao98_am12_1,98,1,SATISFIED,0.0295,636883038.0,1
fcfs-max,bom_deep_7_3_15_5_No1_p70_ao98_am15_5_m12_ao98_am12_2,98,1,SATISFIED,0.0294,710126688.0,1
fcfs-max,bom_deep_7_3_15_5_No1_p70_ao98_am15_5_m12_ao98_am12_3,98,1,SATISFIED,0.0297,300712194.0,1
fcfs-max,bom_deep_7_3_15_5_No1_p70_ao98_am15_5_m12_ao98_am12_4,98,1,SATISFIED,0.0293,818834775.0,1
fcfs-max,bom_deep_7_3_15_5_No1_p70_ao98_am15_5_m12_ao98_am12_5,98,1,UNSATISFIED,0.0283,-1.0,1
fcfs-max,bom_deep_7_3_15_5_No1_p70_ao98_am15_5_m25_ao98_am25_1,98,1,SATISFIED,0.0292,542711730.0,1
fcfs-max,bom_deep_7_3_15_5_No1_p70_ao98_am15_5_m25_ao98_am25_2,98,1,SATISFIED,0.0304,316412925.0,1
fcfs-max,bom_deep_7_3_15_5_No1_p70_ao98_am15_5_m25_ao98_am25_3,98,1,SATISFIED,0.0292,243672435.0,1
fcfs-max,bom_deep_7_3_15_5_No1_p70_ao98_am15_5_m25_ao98_am25_4,98,1,SATISFIED,0.0293,392997480.0,1
fcfs-max,bom_deep_7_3_15_5_No1_p70_ao98_am15_5_m25_ao98_am25_5,98,1,UNSATISFIED,0.0286,-1.0,1
fcfs-max,bom_deep_7_3_15_5_No1_p80_ao104_am15_1,104,1,SATISFIED,0.0358,434993670.0,1
fcfs-max,bom_deep_7_3_15_5_No1_p80_ao104_am15_1_m17_ao104_am16_1,104,1,SATISFIED,0.0681,402406218.0,1
fcfs-max,bom_deep_7_3_15_5_No1_p80_ao104_am15_1_m17_ao104_am16_2,104,1,SATISFIED,0.0665,167008992.0,1
fcfs-max,bom_deep_7_3_15_5_No1_p80_ao104_am15_1_m17_ao104_am16_5,104,1,UNSATISFIED,0.0652,-1.0,1
fcfs-max,bom_deep_7_3_15_5_No1_p80_ao104_am15_1_m17_ao104_am17_3,104,1,SATISFIED,0.0657,252536640.0,1
fcfs-max,bom_deep_7_3_15_5_No1_p80_ao104_am15_1_m17_ao104_am17_4,104,1,SATISFIED,0.0658,326703000.0,1
fcfs-max,bom_deep_7_3_15_5_No1_p80_ao104_am15_1_m45_ao104_am43_3,104,1,UNSATISFIED,0.0678,-1.0,1
fcfs-max,bom_deep_7_3_15_5_No1_p80_ao104_am15_1_m45_ao104_am45_1,104,1,UNSATISFIED,0.0645,-1.0,1
fcfs-max,bom_deep_7_3_15_5_No1_p80_ao104_am15_1_m45_ao104_am45_2,104,1,SATISFIED,0.0662,363668370.0,1
fcfs-max,bom_deep_7_3_15_5_No1_p80_ao104_am15_1_m45_ao104_am45_4,104,1,UNSATISFIED,0.0661,-1.0,1
fcfs-max,bom_deep_7_3_15_5_No1_p80_ao104_am15_1_m45_ao104_am45_5,104,1,UNSATISFIED,0.0647,-1.0,1
fcfs-max,bom_deep_7_3_15_5_No1_p80_ao104_am15_2,104,1,UNSATISFIED,0.069,-1.0,1
fcfs-max,bom_deep_7_3_15_5_No1_p80_ao104_am15_2_m17_ao104_am15_1,104,1,SATISFIED,0.0685,346451940.0,1
fcfs-max,bom_deep_7_3_15_5_No1_p80_ao104_am15_2_m17_ao104_am16_3,104,1,UNSATISFIED,0.0673,-1.0,1
fcfs-max,bom_deep_7_3_15_5_No1_p80_ao104_am15_2_m17_ao104_am17_2,104,1,UNSATISFIED,0.063,-1.0,1
fcfs-max,bom_deep_7_3_15_5_No1_p80_ao104_am15_2_m17_ao104_am17_4,104,1,UNSATISFIED,0.067,-1.0,1
fcfs-max,bom_deep_7_3_15_5_No1_p80_ao104_am15_2_m17_ao104_am17_5,104,1,UNSATISFIED,0.0669,-1.0,1
fcfs-max,bom_deep_7_3_15_5_No1_p80_ao104_am15_2_m45_ao104_am44_4,104,1,SATISFIED,0.0693,191756568.0,1
fcfs-max,bom_deep_7_3_15_5_No1_p80_ao104_am15_2_m45_ao104_am45_1,104,1,SATISFIED,0.0694,329063322.0,1
fcfs-max,bom_deep_7_3_15_5_No1_p80_ao104_am15_2_m45_ao104_am45_2,104,1,SATISFIED,0.0681,228241416.0,1
fcfs-max,bom_deep_7_3_15_5_No1_p80_ao104_am15_2_m45_ao104_am45_3,104,1,SATISFIED,0.0611,192166749.0,1
fcfs-max,bom_deep_7_3_15_5_No1_p80_ao104_am15_2_m45_ao104_am45_5,104,1,SATISFIED,0.0573,570453786.0,1
fcfs-max,bom_deep_7_3_15_5_No1_p80_ao104_am15_3,104,1,UNSATISFIED,0.0538,-1.0,1
fcfs-max,bom_deep_7_3_15_5_No1_p80_ao104_am15_3_m17_ao104_am16_2,104,1,SATISFIED,0.0509,413052516.0,1
fcfs-max,bom_deep_7_3_15_5_No1_p80_ao104_am15_3_m17_ao104_am16_5,104,1,SATISFIED,0.0483,361414200.0,1
fcfs-max,bom_deep_7_3_15_5_No1_p80_ao104_am15_3_m17_ao104_am17_1,104,1,UNSATISFIED,0.0446,-1.0,1
fcfs-max,bom_deep_7_3_15_5_No1_p80_ao104_am15_3_m17_ao104_am17_3,104,1,UNSATISFIED,0.0426,-1.0,1
fcfs-max,bom_deep_7_3_15_5_No1_p80_ao104_am15_3_m17_ao104_am17_4,104,1,SATISFIED,0.0409,349331625.0,1
fcfs-max,bom_deep_7_3_15_5_No1_p80_ao104_am15_3_m45_ao104_am44_2,104,1,UNSATISFIED,0.0389,-1.0,1
fcfs-max,bom_deep_7_3_15_5_No1_p80_ao104_am15_3_m45_ao104_am44_3,104,1,UNSATISFIED,0.0374,-1.0,1
fcfs-max,bom_deep_7_3_15_5_No1_p80_ao104_am15_3_m45_ao104_am45_1,104,1,UNSATISFIED,0.0368,-1.0,1
fcfs-max,bom_deep_7_3_15_5_No1_p80_ao104_am15_3_m45_ao104_am45_4,104,1,UNSATISFIED,0.0365,-1.0,1
fcfs-max,bom_deep_7_3_15_5_No1_p80_ao104_am15_3_m45_ao104_am45_5,104,1,SATISFIED,0.0367,1282658238.0,1
fcfs-max,bom_deep_7_3_15_5_No1_p80_ao104_am15_4,104,1,UNSATISFIED,0.0348,-1.0,1
fcfs-max,bom_deep_7_3_15_5_No1_p80_ao104_am15_4_m17_ao104_am17_1,104,1,UNSATISFIED,0.0339,-1.0,1
fcfs-max,bom_deep_7_3_15_5_No1_p80_ao104_am15_4_m17_ao104_am17_2,104,1,UNSATISFIED,0.034,-1.0,1
fcfs-max,bom_deep_7_3_15_5_No1_p80_ao104_am15_4_m17_ao104_am17_3,104,1,UNSATISFIED,0.0343,-1.0,1
fcfs-max,bom_deep_7_3_15_5_No1_p80_ao104_am15_4_m17_ao104_am17_4,104,1,UNSATISFIED,0.0342,-1.0,1
fcfs-max,bom_deep_7_3_15_5_No1_p80_ao104_am15_4_m17_ao104_am17_5,104,1,SATISFIED,0.0349,139851510.0,1
fcfs-max,bom_deep_7_3_15_5_No1_p80_ao104_am15_4_m45_ao104_am45_1,104,1,SATISFIED,0.0352,898734714.0,1
fcfs-max,bom_deep_7_3_15_5_No1_p80_ao104_am15_4_m45_ao104_am45_2,104,1,SATISFIED,0.0352,922100175.0,1
fcfs-max,bom_deep_7_3_15_5_No1_p80_ao104_am15_4_m45_ao104_am45_3,104,1,SATISFIED,0.0353,232776360.0,1
fcfs-max,bom_deep_7_3_15_5_No1_p80_ao104_am15_4_m45_ao104_am45_4,104,1,UNSATISFIED,0.0346,-1.0,1
fcfs-max,bom_deep_7_3_15_5_No1_p80_ao104_am15_4_m45_ao104_am45_5,104,1,UNSATISFIED,0.035,-1.0,1
fcfs-max,bom_deep_7_3_15_5_No1_p80_ao104_am15_5,104,1,SATISFIED,0.0353,104223060.0,1
fcfs-max,bom_deep_7_3_15_5_No1_p80_ao104_am15_5_m17_ao104_am17_1,104,1,UNSATISFIED,0.0343,-1.0,1
fcfs-max,bom_deep_7_3_15_5_No1_p80_ao104_am15_5_m17_ao104_am17_2,104,1,SATISFIED,0.0348,459430245.0,1
fcfs-max,bom_deep_7_3_15_5_No1_p80_ao104_am15_5_m17_ao104_am17_3,104,1,SATISFIED,0.0346,145603215.0,1
fcfs-max,bom_deep_7_3_15_5_No1_p80_ao104_am15_5_m17_ao104_am17_4,104,1,UNSATISFIED,0.0337,-1.0,1
fcfs-max,bom_deep_7_3_15_5_No1_p80_ao104_am15_5_m17_ao104_am17_5,104,1,SATISFIED,0.0349,287902530.0,1
fcfs-max,bom_deep_7_3_15_5_No1_p80_ao104_am15_5_m45_ao104_am44_1,104,1,UNSATISFIED,0.0341,-1.0,1
fcfs-max,bom_deep_7_3_15_5_No1_p80_ao104_am15_5_m45_ao104_am44_3,104,1,SATISFIED,0.0347,165497700.0,1
fcfs-max,bom_deep_7_3_15_5_No1_p80_ao104_am15_5_m45_ao104_am45_2,104,1,SATISFIED,0.0351,397200915.0,1
fcfs-max,bom_deep_7_3_15_5_No1_p80_ao104_am15_5_m45_ao104_am45_4,104,1,UNSATISFIED,0.0343,-1.0,1
fcfs-max,bom_deep_7_3_15_5_No1_p80_ao104_am15_5_m45_ao104_am45_5,104,1,UNSATISFIED,0.0324,-1.0,1
mop-b,bom_deep_7_3_15_5_No1_p70_ao98_am15_1,98,1,SATISFIED,0.0341,151372170.0,1
mop-b,bom_deep_7_3_15_5_No1_p70_ao98_am15_1_m12_ao98_am12_1,98,1,SATISFIED,0.0347,192136206.0,1
mop-b,bom_deep_7_3_15_5_No1_p70_ao98_am15_1_m12_ao98_am12_2,98,1,SATISFIED,0.0348,131612695.0,1
mop-b,bom_deep_7_3_15_5_No1_p70_ao98_am15_1_m12_ao98_am12_3,98,1,SATISFIED,0.0345,241666257.0,1
mop-b,bom_deep_7_3_15_5_No1_p70_ao98_am15_1_m12_ao98_am12_4,98,1,SATISFIED,0.0343,118997546.0,1
mop-b,bom_deep_7_3_15_5_No1_p70_ao98_am15_1_m12_ao98_am12_5,98,1,SATISFIED,0.0343,168396000.0,1
mop-b,bom_deep_7_3_15_5_No1_p70_ao98_am15_1_m25_ao98_am25_1,98,1,SATISFIED,0.0345,127757448.0,1
mop-b,bom_deep_7_3_15_5_No1_p70_ao98_am15_1_m25_ao98_am25_2,98,1,SATISFIED,0.0344,131292900.0,1
mop-b,bom_deep_7_3_15_5_No1_p70_ao98_am15_1_m25_ao98_am25_3,98,1,SATISFIED,0.0349,148113660.0,1
mop-b,bom_deep_7_3_15_5_No1_p70_ao98_am15_1_m25_ao98_am25_4,98,1,SATISFIED,0.0349,85710396.0,1
mop-b,bom_deep_7_3_15_5_No1_p70_ao98_am15_1_m25_ao98_am25_5,98,1,SATISFIED,0.0348,196334535.0,1
mop-b,bom_deep_7_3_15_5_No1_p70_ao98_am15_2,98,1,SATISFIED,0.0341,148780440.0,1
mop-b,bom_deep_7_3_15_5_No1_p70_ao98_am15_2_m12_ao98_am12_1,98,1,UNSATISFIED,0.0326,-1.0,1
mop-b,bom_deep_7_3_15_5_No1_p70_ao98_am15_2_m12_ao98_am12_2,98,1,SATISFIED,0.0344,153026097.0,1
mop-b,bom_deep_7_3_15_5_No1_p70_ao98_am15_2_m12_ao98_am12_3,98,1,SATISFIED,0.0339,119106749.0,1
mop-b,bom_deep_7_3_15_5_No1_p70_ao98_am15_2_m12_ao98_am12_4,98,1,SATISFIED,0.0344,182889748.0,1
mop-b,bom_deep_7_3_15_5_No1_p70_ao98_am15_2_m12_ao98_am12_5,98,1,SATISFIED,0.0339,141458869.0,1
mop-b,bom_deep_7_3_15_5_No1_p70_ao98_am15_2_m25_ao98_am24_1,98,1,SATISFIED,0.034,226185666.0,1
mop-b,bom_deep_7_3_15_5_No1_p70_ao98_am15_2_m25_ao98_am25_2,98,1,SATISFIED,0.0339,277972344.0,1
mop-b,bom_deep_7_3_15_5_No1_p70_ao98_am15_2_m25_ao98_am25_3,98,1,SATISFIED,0.0338,164103580.0,1
mop-b,bom_deep_7_3_15_5_No1_p70_ao98_am15_2_m25_ao98_am25_4,98,1,SATISFIED,0.0342,204741000.0,1
mop-b,bom_deep_7_3_15_5_No1_p70_ao98_am15_2_m25_ao98_am25_5,98,1,SATISFIED,0.0341,110789724.0,1
mop-b,bom_deep_7_3_15_5_No1_p70_ao98_am15_3,98,1,SATISFIED,0.033,376168860.0,1
mop-b,bom_deep_7_3_15_5_No1_p70_ao98_am15_3_m12_ao98_am12_1,98,1,SATISFIED,0.0325,331719396.0,1
mop-b,bom_deep_7_3_15_5_No1_p70_ao98_am15_3_m12_ao98_am12_2,98,1,SATISFIED,0.033,480859350.0,1
mop-b,bom_deep_7_3_15_5_No1_p70_ao98_am15_3_m12_ao98_am12_3,98,1,SATISFIED,0.033,246486343.0,1
mop-b,bom_deep_7_3_15_5_No1_p70_ao98_am15_3_m12_ao98_am12_4,98,1,UNSATISFIED,0.032,-1.0,1
mop-b,bom_deep_7_3_15_5_No1_p70_ao98_am15_3_m12_ao98_am12_5,98,1,SATISFIED,0.0326,551324133.0,1
mop-b,bom_deep_7_3_15_5_No1_p70_ao98_am15_3_m25_ao98_am23_3,98,1,SATISFIED,0.0332,698435730.0,1
mop-b,bom_deep_7_3_15_5_No1_p70_ao98_am15_3_m25_ao98_am25_1,98,1,SATISFIED,0.0331,454587468.0,1
mop-b,bom_deep_7_3_15_5_No1_p70_ao98_am15_3_m25_ao98_am25_2,98,1,SATISFIED,0.0348,347457905.0,1
mop-b,bom_deep_7_3_15_5_No1_p70_ao98_am15_3_m25_ao98_am25_4,98,1,SATISFIED,0.034,505479960.0,1
mop-b,bom_deep_7_3_15_5_No1_p70_ao98_am15_3_m25_ao98_am25_5,98,1,SATISFIED,0.0333,211011210.0,1
mop-b,bom_deep_7_3_15_5_No1_p70_ao98_am15_4,98,1,SATISFIED,0.0337,246357585.0,1
mop-b,bom_deep_7_3_15_5_No1_p70_ao98_am15_4_m12_ao98_am12_1,98,1,SATISFIED,0.0344,253414224.0,1
mop-b,bom_deep_7_3_15_5_No1_p70_ao98_am15_4_m12_ao98_am12_2,98,1,SATISFIED,0.0349,235887480.0,1
mop-b,bom_deep_7_3_15_5_No1_p70_ao98_am15_4_m12_ao98_am12_3,98,1,SATISFIED,0.0337,235863000.0,1
mop-b,bom_deep_7_3_15_5_No1_p70_ao98_am15_4_m12_ao98_am12_4,98,1,SATISFIED,0.0345,276735540.0,1
mop-b,bom_deep_7_3_15_5_No1_p70_ao98_am15_4_m12_ao98_am12_5,98,1,SATISFIED,0.0344,355075716.0,1
mop-b,bom_deep_7_3_15_5_No1_p70_ao98_am15_4_m25_ao98_am25_1,98,1,SATISFIED,0.0343,226683018.0,1
mop-b,bom_deep_7_3_15_5_No1_p70_ao98_am15_4_m25_ao98_am25_2,98,1,SATISFIED,0.0339,264111036.0,1
mop-b,bom_deep_7_3_15_5_No1_p70_ao98_am15_4_m25_ao98_am25_3,98,1,SATISFIED,0.034,326767611.0,1
mop-b,bom_deep_7_3_15_5_No1_p70_ao98_am15_4_m25_ao98_am25_4,98,1,SATISFIED,0.0341,366829803.0,1
mop-b,bom_deep_7_3_15_5_No1_p70_ao98_am15_4_m25_ao98_am25_5,98,1,SATISFIED,0.0343,196729425.0,1
mop-b,bom_deep_7_3_15_5_No1_p70_ao98_am15_5,98,1,UNSATISFIED,0.03,-1.0,1
mop-b,bom_deep_7_3_15_5_No1_p70_ao98_am15_5_m12_ao98_am12_1,98,1,SATISFIED,0.0326,411735366.0,1
mop-b,bom_deep_7_3_15_5_No1_p70_ao98_am15_5_m12_ao98_am12_2,98,1,SATISFIED,0.0331,605864160.0,1
mop-b,bom_deep_7_3_15_5_No1_p70_ao98_am15_5_m12_ao98_am12_3,98,1,SATISFIED,0.0325,298302606.0,1
mop-b,bom_deep_7_3_15_5_No1_p70_ao98_am15_5_m12_ao98_am12_4,98,1,SATISFIED,0.0327,697190565.0,1
mop-b,bom_deep_7_3_15_5_No1_p70_ao98_am15_5_m12_ao98_am12_5,98,1,SATISFIED,0.0323,416253294.0,1
mop-b,bom_deep_7_3_15_5_No1_p70_ao98_am15_5_m25_ao98_am25_1,98,1,SATISFIED,0.033,401572374.0,1
mop-b,bom_deep_7_3_15_5_No1_p70_ao98_am15_5_m25_ao98_am25_2,98,1,SATISFIED,0.0323,160510230.0,1
mop-b,bom_deep_7_3_15_5_No1_p70_ao98_am15_5_m25_ao98_am25_3,98,1,SATISFIED,0.0329,108219663.0,1
mop-b,bom_deep_7_3_15_5_No1_p70_ao98_am15_5_m25_ao98_am25_4,98,1,SATISFIED,0.0325,246112364.0,1
mop-b,bom_deep_7_3_15_5_No1_p70_ao98_am15_5_m25_ao98_am25_5,98,1,SATISFIED,0.0323,480120334.0,1
mop-b,bom_deep_7_3_15_5_No1_p80_ao104_am15_1,104,1,SATISFIED,0.0393,386717670.0,1
mop-b,bom_deep_7_3_15_5_No1_p80_ao104_am15_1_m17_ao104_am16_1,104,1,SATISFIED,0.0386,383977560.0,1
mop-b,bom_deep_7_3_15_5_No1_p80_ao104_am15_1_m17_ao104_am16_2,104,1,SATISFIED,0.0384,161681580.0,1
mop-b,bom_deep_7_3_15_5_No1_p80_ao104_am15_1_m17_ao104_am16_5,104,1,SATISFIED,0.0382,454825935.0,1
mop-b,bom_deep_7_3_15_5_No1_p80_ao104_am15_1_m17_ao104_am17_3,104,1,SATISFIED,0.0387,213319248.0,1
mop-b,bom_deep_7_3_15_5_No1_p80_ao104_am15_1_m17_ao104_am17_4,104,1,SATISFIED,0.0383,208029750.0,1
mop-b,bom_deep_7_3_15_5_No1_p80_ao104_am15_1_m45_ao104_am43_3,104,1,SATISFIED,0.0397,438412585.0,1
mop-b,bom_deep_7_3_15_5_No1_p80_ao104_am15_1_m45_ao104_am45_1,104,1,SATISFIED,0.0401,362062044.0,1
mop-b,bom_deep_7_3_15_5_No1_p80_ao104_am15_1_m45_ao104_am45_2,104,1,SATISFIED,0.0403,207403575.0,1
mop-b,bom_deep_7_3_15_5_No1_p80_ao104_am15_1_m45_ao104_am45_4,104,1,SATISFIED,0.0396,265742523.0,1
mop-b,bom_deep_7_3_15_5_No1_p80_ao104_am15_1_m45_ao104_am45_5,104,1,SATISFIED,0.0405,281139969.0,1
mop-b,bom_deep_7_3_15_5_No1_p80_ao104_am15_2,104,1,SATISFIED,0.0415,264739500.0,1
mop-b,bom_deep_7_3_15_5_No1_p80_ao104_am15_2_m17_ao104_am15_1,104,1,SATISFIED,0.0395,302239170.0,1
mop-b,bom_deep_7_3_15_5_No1_p80_ao104_am15_2_m17_ao104_am16_3,104,1,SATISFIED,0.039,353095800.0,1
mop-b,bom_deep_7_3_15_5_No1_p80_ao104_am15_2_m17_ao104_am17_2,104,1,SATISFIED,0.0389,279242460.0,1
mop-b,bom_deep_7_3_15_5_No1_p80_ao104_am15_2_m17_ao104_am17_4,104,1,SATISFIED,0.0389,298287630.0,1
mop-b,bom_deep_7_3_15_5_No1_p80_ao104_am15_2_m17_ao104_am17_5,104,1,SATISFIED,0.0392,310049685.0,1
mop-b,bom_deep_7_3_15_5_No1_p80_ao104_am15_2_m45_ao104_am44_4,104,1,SATISFIED,0.0404,66666940.0,1
mop-b,bom_deep_7_3_15_5_No1_p80_ao104_am15_2_m45_ao104_am45_1,104,1,SATISFIED,0.041,190899486.0,1
mop-b,bom_deep_7_3_15_5_No1_p80_ao104_am15_2_m45_ao104_am45_2,104,1,SATISFIED,0.0475,110727180.0,1
mop-b,bom_deep_7_3_15_5_No1_p80_ao104_am15_2_m45_ao104_am45_3,104,1,SATISFIED,0.075,65908440.0,1
mop-b,bom_deep_7_3_15_5_No1_p80_ao104_am15_2_m45_ao104_am45_5,104,1,SATISFIED,0.0745,178662654.0,1
mop-b,bom_deep_7_3_15_5_No1_p80_ao104_am15_3,104,1,SATISFIED,0.0759,423518085.0,1
mop-b,bom_deep_7_3_15_5_No1_p80_ao104_am15_3_m17_ao104_am16_2,104,1,SATISFIED,0.0736,327139236.0,1
mop-b,bom_deep_7_3_15_5_No1_p80_ao104_am15_3_m17_ao104_am16_5,104,1,SATISFIED,0.0745,244892700.0,1
mop-b,bom_deep_7_3_15_5_No1_p80_ao104_am15_3_m17_ao104_am17_1,104,1,SATISFIED,0.073,559304370.0,1
mop-b,bom_deep_7_3_15_5_No1_p80_ao104_am15_3_m17_ao104_am17_3,104,1,SATISFIED,0.0738,917375490.0,1
mop-b,bom_deep_7_3_15_5_No1_p80_ao104_am15_3_m17_ao104_am17_4,104,1,SATISFIED,0.0737,206195175.0,1
mop-b,bom_deep_7_3_15_5_No1_p80_ao104_am15_3_m45_ao104_am44_2,104,1,SATISFIED,0.0764,391375796.0,1
mop-b,bom_deep_7_3_15_5_No1_p80_ao104_am15_3_m45_ao104_am44_3,104,1,SATISFIED,0.0768,316970712.0,1
mop-b,bom_deep_7_3_15_5_No1_p80_ao104_am15_3_m45_ao104_am45_1,104,1,SATISFIED,0.0759,385266708.0,1
mop-b,bom_deep_7_3_15_5_No1_p80_ao104_am15_3_m45_ao104_am45_4,104,1,SATISFIED,0.0742,550283292.0,1
mop-b,bom_deep_7_3_15_5_No1_p80_ao104_am15_3_m45_ao104_am45_5,104,1,SATISFIED,0.0714,547976373.0,1
mop-b,bom_deep_7_3_15_5_No1_p80_ao104_am15_4,104,1,SATISFIED,0.0634,204841980.0,1
mop-b,bom_deep_7_3_15_5_No1_p80_ao104_am15_4_m17_ao104_am17_1,104,1,SATISFIED,0.0593,317924370.0,1
mop-b,bom_deep_7_3_15_5_No1_p80_ao104_am15_4_m17_ao104_am17_2,104,1,SATISFIED,0.056,182438865.0,1
mop-b,bom_deep_7_3_15_5_No1_p80_ao104_am15_4_m17_ao104_am17_3,104,1,SATISFIED,0.0531,420338610.0,1
mop-b,bom_deep_7_3_15_5_No1_p80_ao104_am15_4_m17_ao104_am17_4,104,1,SATISFIED,0.0499,517579080.0,1
mop-b,bom_deep_7_3_15_5_No1_p80_ao104_am15_4_m17_ao104_am17_5,104,1,SATISFIED,0.0475,94167918.0,1
mop-b,bom_deep_7_3_15_5_No1_p80_ao104_am15_4_m45_ao104_am45_1,104,1,SATISFIED,0.0463,303583716.0,1
mop-b,bom_deep_7_3_15_5_No1_p80_ao104_am15_4_m45_ao104_am45_2,104,1,SATISFIED,0.0439,285476420.0,1
mop-b,bom_deep_7_3_15_5_No1_p80_ao104_am15_4_m45_ao104_am45_3,104,1,SATISFIED,0.0414,100373925.0,1
mop-b,bom_deep_7_3_15_5_No1_p80_ao104_am15_4_m45_ao104_am45_4,104,1,SATISFIED,0.0395,297140688.0,1
mop-b,bom_deep_7_3_15_5_No1_p80_ao104_am15_4_m45_ao104_am45_5,104,1,SATISFIED,0.0398,527575095.0,1
mop-b,bom_deep_7_3_15_5_No1_p80_ao104_am15_5,104,1,SATISFIED,0.0385,103382160.0,1
mop-b,bom_deep_7_3_15_5_No1_p80_ao104_am15_5_m17_ao104_am17_1,104,1,SATISFIED,0.0375,283529220.0,1
mop-b,bom_deep_7_3_15_5_No1_p80_ao104_am15_5_m17_ao104_am17_2,104,1,SATISFIED,0.0376,417233295.0,1
mop-b,bom_deep_7_3_15_5_No1_p80_ao104_am15_5_m17_ao104_am17_3,104,1,SATISFIED,0.0379,132045525.0,1
mop-b,bom_deep_7_3_15_5_No1_p80_ao104_am15_5_m17_ao104_am17_4,104,1,SATISFIED,0.0378,77839140.0,1
mop-b,bom_deep_7_3_15_5_No1_p80_ao104_am15_5_m17_ao104_am17_5,104,1,SATISFIED,0.038,238476798.0,1
mop-b,bom_deep_7_3_15_5_No1_p80_ao104_am15_5_m45_ao104_am44_1,104,1,SATISFIED,0.0388,127054476.0,1
mop-b,bom_deep_7_3_15_5_No1_p80_ao104_am15_5_m45_ao104_am44_3,104,1,SATISFIED,0.0389,71494376.0,1
mop-b,bom_deep_7_3_15_5_No1_p80_ao104_am15_5_m45_ao104_am45_2,104,1,SATISFIED,0.0392,304329906.0,1
mop-b,bom_deep_7_3_15_5_No1_p80_ao104_am15_5_m45_ao104_am45_4,104,1,SATISFIED,0.039,163754882.0,1
mop-b,bom_deep_7_3_15_5_No1_p80_ao104_am15_5_m45_ao104_am45_5,104,1,SATISFIED,0.0543,222850395.0,1
mop-min,bom_deep_7_3_15_5_No1_p70_ao98_am15_1,98,1,SATISFIED,0.0663,151372170.0,1
mop-min,bom_deep_7_3_15_5_No1_p70_ao98_am15_1_m12_ao98_am12_1,98,1,SATISFIED,0.0655,192136206.0,1
mop-min,bom_deep_7_3_15_5_No1_p70_ao98_am15_1_m12_ao98_am12_2,98,1,SATISFIED,0.0654,131612695.0,1
mop-min,bom_deep_7_3_15_5_No1_p70_ao98_am15_1_m12_ao98_am12_3,98,1,SATISFIED,0.0657,191697372.0,1
mop-min,bom_deep_7_3_15_5_No1_p70_ao98_am15_1_m12_ao98_am12_4,98,1,SATISFIED,0.0655,118997546.0,1
mop-min,bom_deep_7_3_15_5_No1_p70_ao98_am15_1_m12_ao98_am12_5,98,1,UNSATISFIED,0.0639,-1.0,1
mop-min,bom_deep_7_3_15_5_No1_p70_ao98_am15_1_m25_ao98_am25_1,98,1,SATISFIED,0.0649,139559748.0,1
mop-min,bom_deep_7_3_15_5_No1_p70_ao98_am15_1_m25_ao98_am25_2,98,1,SATISFIED,0.0659,131292900.0,1
mop-min,bom_deep_7_3_15_5_No1_p70_ao98_am15_1_m25_ao98_am25_3,98,1,SATISFIED,0.0666,148113660.0,1
mop-min,bom_deep_7_3_15_5_No1_p70_ao98_am15_1_m25_ao98_am25_4,98,1,SATISFIED,0.0661,79683996.0,1
mop-min,bom_deep_7_3_15_5_No1_p70_ao98_am15_1_m25_ao98_am25_5,98,1,SATISFIED,0.0664,175620285.0,1
mop-min,bom_deep_7_3_15_5_No1_p70_ao98_am15_2,98,1,SATISFIED,0.0652,148780440.0,1
mop-min,bom_deep_7_3_15_5_No1_p70_ao98_am15_2_m12_ao98_am12_1,98,1,UNSATISFIED,0.0599,-1.0,1
mop-min,bom_deep_7_3_15_5_No1_p70_ao98_am15_2_m12_ao98_am12_2,98,1,SATISFIED,0.0594,188924727.0,1
mop-min,bom_deep_7_3_15_5_No1_p70_ao98_am15_2_m12_ao98_am12_3,98,1,SATISFIED,0.0567,116736659.0,1
mop-min,bom_deep_7_3_15_5_No1_p70_ao98_am15_2_m12_ao98_am12_4,98,1,SATISFIED,0.0534,267372436.0,1
mop-min,bom_deep_7_3_15_5_No1_p70_ao98_am15_2_m12_ao98_am12_5,98,1,SATISFIED,0.0499,149265331.0,1
mop-min,bom_deep_7_3_15_5_No1_p70_ao98_am15_2_m25_ao98_am24_1,98,1,SATISFIED,0.0471,226185666.0,1
mop-min,bom_deep_7_3_15_5_No1_p70_ao98_am15_2_m25_ao98_am25_2,98,1,SATISFIED,0.0446,277972344.0,1
mop-min,bom_deep_7_3_15_5_No1_p70_ao98_am15_2_m25_ao98_am25_3,98,1,SATISFIED,0.0424,164103580.0,1
mop-min,bom_deep_7_3_15_5_No1_p70_ao98_am15_2_m25_ao98_am25_4,98,1,SATISFIED,0.0396,204741000.0,1
mop-min,bom_deep_7_3_15_5_No1_p70_ao98_am15_2_m25_ao98_am25_5,98,1,SATISFIED,0.0373,110789724.0,1
mop-min,bom_deep_7_3_15_5_No1_p70_ao98_am15_3,98,1,UNSATISFIED,0.0329,-1.0,1
mop-min,bom_deep_7_3_15_5_No1_p70_ao98_am15_3_m12_ao98_am12_1,98,1,SATISFIED,0.0336,362765046.0,1
mop-min,bom_deep_7_3_15_5_No1_p70_ao98_am15_3_m12_ao98_am12_2,98,1,SATISFIED,0.0339,469760325.0,1
mop-min,bom_deep_7_3_15_5_No1_p70_ao98_am15_3_m12_ao98_am12_3,98,1,SATISFIED,0.0338,264623218.0,1
mop-min,bom_deep_7_3_15_5_No1_p70_ao98_am15_3_m12_ao98_am12_4,98,1,UNSATISFIED,0.0332,-1.0,1
mop-min,bom_deep_7_3_15_5_No1_p70_ao98_am15_3_m12_ao98_am12_5,98,1,SATISFIED,0.0333,551324133.0,1
mop-min,bom_deep_7_3_15_5_No1_p70_ao98_am15_3_m25_ao98_am23_3,98,1,SATISFIED,0.0338,357628230.0,1
mop-min,bom_deep_7_3_15_5_No1_p70_ao98_am15_3_m25_ao98_am25_1,98,1,SATISFIED,0.0335,484764468.0,1
mop-min,bom_deep_7_3_15_5_No1_p70_ao98_am15_3_m25_ao98_am25_2,98,1,SATISFIED,0.0338,303020780.0,1
mop-min,bom_deep_7_3_15_5_No1_p70_ao98_am15_3_m25_ao98_am25_4,98,1,SATISFIED,0.0337,505479960.0,1
mop-min,bom_deep_7_3_15_5_No1_p70_ao98_am15_3_m25_ao98_am25_5,98,1,SATISFIED,0.0338,294448260.0,1
mop-min,bom_deep_7_3_15_5_No1_p70_ao98_am15_4,98,1,SATISFIED,0.0349,246357585.0,1
mop-min,bom_deep_7_3_15_5_No1_p70_ao98_am15_4_m12_ao98_am12_1,98,1,SATISFIED,0.0352,289622724.0,1
mop-min,bom_deep_7_3_15_5_No1_p70_ao98_am15_4_m12_ao98_am12_2,98,1,SATISFIED,0.0345,235486896.0,1
mop-min,bom_deep_7_3_15_5_No1_p70_ao98_am15_4_m12_ao98_am12_3,98,1,SATISFIED,0.0341,235863000.0,1
mop-min,bom_deep_7_3_15_5_No1_p70_ao98_am15_4_m12_ao98_am12_4,98,1,SATISFIED,0.034,258455100.0,1
mop-min,bom_deep_7_3_15_5_No1_p70_ao98_am15_4_m12_ao98_am12_5,98,1,SATISFIED,0.0347,353009544.0,1
mop-min,bom_deep_7_3_15_5_No1_p70_ao98_am15_4_m25_ao98_am25_1,98,1,SATISFIED,0.0343,197598228.0,1
mop-min,bom_deep_7_3_15_5_No1_p70_ao98_am15_4_m25_ao98_am25_2,98,1,SATISFIED,0.0652,267082428.0,1
mop-min,bom_deep_7_3_15_5_No1_p70_ao98_am15_4_m25_ao98_am25_3,98,1,SATISFIED,0.0638,334836792.0,1
mop-min,bom_deep_7_3_15_5_No1_p70_ao98_am15_4_m25_ao98_am25_4,98,1,SATISFIED,0.0637,366829803.0,1
mop-min,bom_deep_7_3_15_5_No1_p70_ao98_am15_4_m25_ao98_am25_5,98,1,SATISFIED,0.0641,196729425.0,1
mop-min,bom_deep_7_3_15_5_No1_p70_ao98_am15_5,98,1,UNSATISFIED,0.0578,-1.0,1
mop-min,bom_deep_7_3_15_5_No1_p70_ao98_am15_5_m12_ao98_am12_1,98,1,SATISFIED,0.0607,454892670.0,1
mop-min,bom_deep_7_3_15_5_No1_p70_ao98_am15_5_m12_ao98_am12_2,98,1,SATISFIED,0.0611,597782640.0,1
mop-min,bom_deep_7_3_15_5_No1_p70_ao98_am15_5_m12_ao98_am12_3,98,1,SATISFIED,0.0611,375148281.0,1
mop-min,bom_deep_7_3_15_5_No1_p70_ao98_am15_5_m12_ao98_am12_4,98,1,SATISFIED,0.0611,685430415.0,1
mop-min,bom_deep_7_3_15_5_No1_p70_ao98_am15_5_m12_ao98_am12_5,98,1,SATISFIED,0.0613,436162569.0,1
mop-min,bom_deep_7_3_15_5_No1_p70_ao98_am15_5_m25_ao98_am25_1,98,1,SATISFIED,0.0612,471574074.0,1
mop-min,bom_deep_7_3_15_5_No1_p70_ao98_am15_5_m25_ao98_am25_2,98,1,SATISFIED,0.0617,160510230.0,1
mop-min,bom_deep_7_3_15_5_No1_p70_ao98_am15_5_m25_ao98_am25_3,98,1,SATISFIED,0.061,108219663.0,1
mop-min,bom_deep_7_3_15_5_No1_p70_ao98_am15_5_m25_ao98_am25_4,98,1,SATISFIED,0.0589,242050904.0,1
mop-min,bom_deep_7_3_15_5_No1_p70_ao98_am15_5_m25_ao98_am25_5,98,1,SATISFIED,0.0559,502407568.0,1
mop-min,bom_deep_7_3_15_5_No1_p80_ao104_am15_1,104,1,SATISFIED,0.0649,384089310.0,1
mop-min,bom_deep_7_3_15_5_No1_p80_ao104_am15_1_m17_ao104_am16_1,104,1,SATISFIED,0.0598,407580660.0,1
mop-min,bom_deep_7_3_15_5_No1_p80_ao104_am15_1_m17_ao104_am16_2,104,1,SATISFIED,0.0565,161681580.0,1
mop-min,bom_deep_7_3_15_5_No1_p80_ao104_am15_1_m17_ao104_am16_5,104,1,SATISFIED,0.1572,454825935.0,1
mop-min,bom_deep_7_3_15_5_No1_p80_ao104_am15_1_m17_ao104_am17_3,104,1,SATISFIED,0.0465,213319248.0,1
mop-min,bom_deep_7_3_15_5_No1_p80_ao104_am15_1_m17_ao104_am17_4,104,1,SATISFIED,0.0439,322916250.0,1
mop-min,bom_deep_7_3_15_5_No1_p80_ao104_am15_1_m45_ao104_am43_3,104,1,SATISFIED,0.042,453143665.0,1
mop-min,bom_deep_7_3_15_5_No1_p80_ao104_am15_1_m45_ao104_am45_1,104,1,SATISFIED,0.0402,331889544.0,1
mop-min,bom_deep_7_3_15_5_No1_p80_ao104_am15_1_m45_ao104_am45_2,104,1,SATISFIED,0.0406,207664575.0,1
mop-min,bom_deep_7_3_15_5_No1_p80_ao104_am15_1_m45_ao104_am45_4,104,1,SATISFIED,0.0403,265742523.0,1
mop-min,bom_deep_7_3_15_5_No1_p80_ao104_am15_1_m45_ao104_am45_5,104,1,SATISFIED,0.0401,284468955.0,1
mop-min,bom_deep_7_3_15_5_No1_p80_ao104_am15_2,104,1,SATISFIED,0.0407,264739500.0,1
mop-min,bom_deep_7_3_15_5_No1_p80_ao104_am15_2_m17_ao104_am15_1,104,1,SATISFIED,0.0403,302239170.0,1
mop-min,bom_deep_7_3_15_5_No1_p80_ao104_am15_2_m17_ao104_am16_3,104,1,SATISFIED,0.0401,353095800.0,1
mop-min,bom_deep_7_3_15_5_No1_p80_ao104_am15_2_m17_ao104_am17_2,104,1,SATISFIED,0.0402,279242460.0,1
mop-min,bom_deep_7_3_15_5_No1_p80_ao104_am15_2_m17_ao104_am17_4,104,1,SATISFIED,0.0402,298287630.0,1
mop-min,bom_deep_7_3_15_5_No1_p80_ao104_am15_2_m17_ao104_am17_5,104,1,SATISFIED,0.0401,310049685.0,1
mop-min,bom_deep_7_3_15_5_No1_p80_ao104_am15_2_m45_ao104_am44_4,104,1,SATISFIED,0.041,66666940.0,1
mop-min,bom_deep_7_3_15_5_No1_p80_ao104_am15_2_m45_ao104_am45_1,104,1,SATISFIED,0.0405,190899486.0,1
mop-min,bom_deep_7_3_15_5_No1_p80_ao104_am15_2_m45_ao104_am45_2,104,1,SATISFIED,0.0409,110727180.0,1
mop-min,bom_deep_7_3_15_5_No1_p80_ao104_am15_2_m45_ao104_am45_3,104,1,SATISFIED,0.0405,65908440.0,1
mop-min,bom_deep_7_3_15_5_No1_p80_ao104_am15_2_m45_ao104_am45_5,104,1,SATISFIED,0.0408,178662654.0,1
mop-min,bom_deep_7_3_15_5_No1_p80_ao104_am15_3,104,1,SATISFIED,0.0414,423518085.0,1
mop-min,bom_deep_7_3_15_5_No1_p80_ao104_am15_3_m17_ao104_am16_2,104,1,SATISFIED,0.0411,316934736.0,1
mop-min,bom_deep_7_3_15_5_No1_p80_ao104_am15_3_m17_ao104_am16_5,104,1,SATISFIED,0.0408,244892700.0,1
mop-min,bom_deep_7_3_15_5_No1_p80_ao104_am15_3_m17_ao104_am17_1,104,1,SATISFIED,0.0404,559304370.0,1
mop-min,bom_deep_7_3_15_5_No1_p80_ao104_am15_3_m17_ao104_am17_3,104,1,SATISFIED,0.0406,917375490.0,1
mop-min,bom_deep_7_3_15_5_No1_p80_ao104_am15_3_m17_ao104_am17_4,104,1,SATISFIED,0.0407,206195175.0,1
mop-min,bom_deep_7_3_15_5_No1_p80_ao104_am15_3_m45_ao104_am44_2,104,1,SATISFIED,0.0414,391375796.0,1
mop-min,bom_deep_7_3_15_5_No1_p80_ao104_am15_3_m45_ao104_am44_3,104,1,SATISFIED,0.0413,316970712.0,1
mop-min,bom_deep_7_3_15_5_No1_p80_ao104_am15_3_m45_ao104_am45_1,104,1,SATISFIED,0.0412,406388958.0,1
mop-min,bom_deep_7_3_15_5_No1_p80_ao104_am15_3_m45_ao104_am45_4,104,1,SATISFIED,0.0417,550283292.0,1
mop-min,bom_deep_7_3_15_5_No1_p80_ao104_am15_3_m45_ao104_am45_5,104,1,SATISFIED,0.042,547976373.0,1
mop-min,bom_deep_7_3_15_5_No1_p80_ao104_am15_4,104,1,SATISFIED,0.04,204841980.0,1
mop-min,bom_deep_7_3_15_5_No1_p80_ao104_am15_4_m17_ao104_am17_1,104,1,SATISFIED,0.0395,317924370.0,1
mop-min,bom_deep_7_3_15_5_No1_p80_ao104_am15_4_m17_ao104_am17_2,104,1,SATISFIED,0.0395,151931190.0,1
mop-min,bom_deep_7_3_15_5_No1_p80_ao104_am15_4_m17_ao104_am17_3,104,1,SATISFIED,0.0396,420338610.0,1
mop-min,bom_deep_7_3_15_5_No1_p80_ao104_am15_4_m17_ao104_am17_4,104,1,SATISFIED,0.0395,543659055.0,1
mop-min,bom_deep_7_3_15_5_No1_p80_ao104_am15_4_m17_ao104_am17_5,104,1,SATISFIED,0.0396,104723343.0,1
mop-min,bom_deep_7_3_15_5_No1_p80_ao104_am15_4_m45_ao104_am45_1,104,1,SATISFIED,0.0408,308774886.0,1
mop-min,bom_deep_7_3_15_5_No1_p80_ao104_am15_4_m45_ao104_am45_2,104,1,SATISFIED,0.0399,285476420.0,1
mop-min,bom_deep_7_3_15_5_No1_p80_ao104_am15_4_m45_ao104_am45_3,104,1,SATISFIED,0.0401,100373925.0,1
mop-min,bom_deep_7_3_15_5_No1_p80_ao104_am15_4_m45_ao104_am45_4,104,1,SATISFIED,0.0402,297140688.0,1
mop-min,bom_deep_7_3_15_5_No1_p80_ao104_am15_4_m45_ao104_am45_5,104,1,SATISFIED,0.0401,527575095.0,1
mop-min,bom_deep_7_3_15_5_No1_p80_ao104_am15_5,104,1,SATISFIED,0.0402,78108660.0,1
mop-min,bom_deep_7_3_15_5_No1_p80_ao104_am15_5_m17_ao104_am17_1,104,1,SATISFIED,0.0393,205427880.0,1
mop-min,bom_deep_7_3_15_5_No1_p80_ao104_am15_5_m17_ao104_am17_2,104,1,SATISFIED,0.0389,340177995.0,1
mop-min,bom_deep_7_3_15_5_No1_p80_ao104_am15_5_m17_ao104_am17_3,104,1,SATISFIED,0.0394,124398180.0,1
mop-min,bom_deep_7_3_15_5_No1_p80_ao104_am15_5_m17_ao104_am17_4,104,1,UNSATISFIED,0.0368,-1.0,1
mop-min,bom_deep_7_3_15_5_No1_p80_ao104_am15_5_m17_ao104_am17_5,104,1,UNSATISFIED,0.0382,-1.0,1
mop-min,bom_deep_7_3_15_5_No1_p80_ao104_am15_5_m45_ao104_am44_1,104,1,SATISFIED,0.0393,127054476.0,1
mop-min,bom_deep_7_3_15_5_No1_p80_ao104_am15_5_m45_ao104_am44_3,104,1,SATISFIED,0.0401,73475192.0,1
mop-min,bom_deep_7_3_15_5_No1_p80_ao104_am15_5_m45_ao104_am45_2,104,1,SATISFIED,0.0396,267957861.0,1
mop-min,bom_deep_7_3_15_5_No1_p80_ao104_am15_5_m45_ao104_am45_4,104,1,SATISFIED,0.0395,176763392.0,1
mop-min,bom_deep_7_3_15_5_No1_p80_ao104_am15_5_m45_ao104_am45_5,104,1,SATISFIED,0.0399,223611585.0,1
mop-max,bom_deep_7_3_15_5_No1_p70_ao98_am15_1,98,1,UNSATISFIED,0.0352,-1.0,1
mop-max,bom_deep_7_3_15_5_No1_p70_ao98_am15_1_m12_ao98_am12_1,98,1,UNSATISFIED,0.0348,-1.0,1
mop-max,bom_deep_7_3_15_5_No1_p70_ao98_am15_1_m12_ao98_am12_2,98,1,UNSATISFIED,0.0345,-1.0,1
mop-max,bom_deep_7_3_15_5_No1_p70_ao98_am15_1_m12_ao98_am12_3,98,1,UNSATISFIED,0.0344,-1.0,1
mop-max,bom_deep_7_3_15_5_No1_p70_ao98_am15_1_m12_ao98_am12_4,98,1,UNSATISFIED,0.0345,-1.0,1
mop-max,bom_deep_7_3_15_5_No1_p70_ao98_am15_1_m12_ao98_am12_5,98,1,UNSATISFIED,0.0344,-1.0,1
mop-max,bom_deep_7_3_15_5_No1_p70_ao98_am15_1_m25_ao98_am25_1,98,1,UNSATISFIED,0.0347,-1.0,1
mop-max,bom_deep_7_3_15_5_No1_p70_ao98_am15_1_m25_ao98_am25_2,98,1,UNSATISFIED,0.0344,-1.0,1
mop-max,bom_deep_7_3_15_5_No1_p70_ao98_am15_1_m25_ao98_am25_3,98,1,UNSATISFIED,0.0345,-1.0,1
mop-max,bom_deep_7_3_15_5_No1_p70_ao98_am15_1_m25_ao98_am25_4,98,1,UNSATISFIED,0.0348,-1.0,1
mop-max,bom_deep_7_3_15_5_No1_p70_ao98_am15_1_m25_ao98_am25_5,98,1,UNSATISFIED,0.0339,-1.0,1
mop-max,bom_deep_7_3_15_5_No1_p70_ao98_am15_2,98,1,UNSATISFIED,0.0341,-1.0,1
mop-max,bom_deep_7_3_15_5_No1_p70_ao98_am15_2_m12_ao98_am12_1,98,1,UNSATISFIED,0.0326,-1.0,1
mop-max,bom_deep_7_3_15_5_No1_p70_ao98_am15_2_m12_ao98_am12_2,98,1,UNSATISFIED,0.0341,-1.0,1
mop-max,bom_deep_7_3_15_5_No1_p70_ao98_am15_2_m12_ao98_am12_3,98,1,UNSATISFIED,0.0339,-1.0,1
mop-max,bom_deep_7_3_15_5_No1_p70_ao98_am15_2_m12_ao98_am12_4,98,1,SATISFIED,0.0354,319643640.0,1
mop-max,bom_deep_7_3_15_5_No1_p70_ao98_am15_2_m12_ao98_am12_5,98,1,UNSATISFIED,0.0336,-1.0,1
mop-max,bom_deep_7_3_15_5_No1_p70_ao98_am15_2_m25_ao98_am24_1,98,1,SATISFIED,0.0349,405987840.0,1
mop-max,bom_deep_7_3_15_5_No1_p70_ao98_am15_2_m25_ao98_am25_2,98,1,SATISFIED,0.0347,483654051.0,1
mop-max,bom_deep_7_3_15_5_No1_p70_ao98_am15_2_m25_ao98_am25_3,98,1,SATISFIED,0.0348,273453660.0,1
mop-max,bom_deep_7_3_15_5_No1_p70_ao98_am15_2_m25_ao98_am25_4,98,1,UNSATISFIED,0.0328,-1.0,1
mop-max,bom_deep_7_3_15_5_No1_p70_ao98_am15_2_m25_ao98_am25_5,98,1,SATISFIED,0.0348,188491500.0,1
mop-max,bom_deep_7_3_15_5_No1_p70_ao98_am15_3,98,1,SATISFIED,0.0337,453564360.0,1
mop-max,bom_deep_7_3_15_5_No1_p70_ao98_am15_3_m12_ao98_am12_1,98,1,UNSATISFIED,0.0332,-1.0,1
mop-max,bom_deep_7_3_15_5_No1_p70_ao98_am15_3_m12_ao98_am12_2,98,1,UNSATISFIED,0.0328,-1.0,1
mop-max,bom_deep_7_3_15_5_No1_p70_ao98_am15_3_m12_ao98_am12_3,98,1,SATISFIED,0.0333,378703749.0,1
mop-max,bom_deep_7_3_15_5_No1_p70_ao98_am15_3_m12_ao98_am12_4,98,1,UNSATISFIED,0.0325,-1.0,1
mop-max,bom_deep_7_3_15_5_No1_p70_ao98_am15_3_m12_ao98_am12_5,98,1,UNSATISFIED,0.0326,-1.0,1
mop-max,bom_deep_7_3_15_5_No1_p70_ao98_am15_3_m25_ao98_am23_3,98,1,SATISFIED,0.034,959108175.0,1
mop-max,bom_deep_7_3_15_5_No1_p70_ao98_am15_3_m25_ao98_am25_1,98,1,SATISFIED,0.0336,600178050.0,1
mop-max,bom_deep_7_3_15_5_No1_p70_ao98_am15_3_m25_ao98_am25_2,98,1,SATISFIED,0.034,805404240.0,1
mop-max,bom_deep_7_3_15_5_No1_p70_ao98_am15_3_m25_ao98_am25_4,98,1,UNSATISFIED,0.0329,-1.0,1
mop-max,bom_deep_7_3_15_5_No1_p70_ao98_am15_3_m25_ao98_am25_5,98,1,SATISFIED,0.0338,357393600.0,1
mop-max,bom_deep_7_3_15_5_No1_p70_ao98_am15_4,98,1,UNSATISFIED,0.0346,-1.0,1
mop-max,bom_deep_7_3_15_5_No1_p70_ao98_am15_4_m12_ao98_am12_1,98,1,UNSATISFIED,0.0342,-1.0,1
mop-max,bom_deep_7_3_15_5_No1_p70_ao98_am15_4_m12_ao98_am12_2,98,1,UNSATISFIED,0.0321,-1.0,1
mop-max,bom_deep_7_3_15_5_No1_p70_ao98_am15_4_m12_ao98_am12_3,98,1,UNSATISFIED,0.0329,-1.0,1
mop-max,bom_deep_7_3_15_5_No1_p70_ao98_am15_4_m12_ao98_am12_4,98,1,UNSATISFIED,0.034,-1.0,1
mop-max,bom_deep_7_3_15_5_No1_p70_ao98_am15_4_m12_ao98_am12_5,98,1,UNSATISFIED,0.0332,-1.0,1
mop-max,bom_deep_7_3_15_5_No1_p70_ao98_am15_4_m25_ao98_am25_1,98,1,UNSATISFIED,0.034,-1.0,1
mop-max,bom_deep_7_3_15_5_No1_p70_ao98_am15_4_m25_ao98_am25_2,98,1,UNSATISFIED,0.0345,-1.0,1
mop-max,bom_deep_7_3_15_5_No1_p70_ao98_am15_4_m25_ao98_am25_3,98,1,SATISFIED,0.0346,604002627.0,1
mop-max,bom_deep_7_3_15_5_No1_p70_ao98_am15_4_m25_ao98_am25_4,98,1,UNSATISFIED,0.0342,-1.0,1
mop-max,bom_deep_7_3_15_5_No1_p70_ao98_am15_4_m25_ao98_am25_5,98,1,UNSATISFIED,0.0334,-1.0,1
mop-max,bom_deep_7_3_15_5_No1_p70_ao98_am15_5,98,1,UNSATISFIED,0.0316,-1.0,1
mop-max,bom_deep_7_3_15_5_No1_p70_ao98_am15_5_m12_ao98_am12_1,98,1,SATISFIED,0.0326,633315660.0,1
mop-max,bom_deep_7_3_15_5_No1_p70_ao98_am15_5_m12_ao98_am12_2,98,1,SATISFIED,0.0326,649881420.0,1
mop-max,bom_deep_7_3_15_5_No1_p70_ao98_am15_5_m12_ao98_am12_3,98,1,SATISFIED,0.0331,299300985.0,1
mop-max,bom_deep_7_3_15_5_No1_p70_ao98_am15_5_m12_ao98_am12_4,98,1,SATISFIED,0.0329,766340925.0,1
mop-max,bom_deep_7_3_15_5_No1_p70_ao98_am15_5_m12_ao98_am12_5,98,1,UNSATISFIED,0.0312,-1.0,1
mop-max,bom_deep_7_3_15_5_No1_p70_ao98_am15_5_m25_ao98_am25_1,98,1,SATISFIED,0.033,542407770.0,1
mop-max,bom_deep_7_3_15_5_No1_p70_ao98_am15_5_m25_ao98_am25_2,98,1,SATISFIED,0.0329,308267550.0,1
mop-max,bom_deep_7_3_15_5_No1_p70_ao98_am15_5_m25_ao98_am25_3,98,1,SATISFIED,0.0328,246990885.0,1
mop-max,bom_deep_7_3_15_5_No1_p70_ao98_am15_5_m25_ao98_am25_4,98,1,SATISFIED,0.0331,476458440.0,1
mop-max,bom_deep_7_3_15_5_No1_p70_ao98_am15_5_m25_ao98_am25_5,98,1,UNSATISFIED,0.0328,-1.0,1
mop-max,bom_deep_7_3_15_5_No1_p80_ao104_am15_1,104,1,SATISFIED,0.0406,434993670.0,1
mop-max,bom_deep_7_3_15_5_No1_p80_ao104_am15_1_m17_ao104_am16_1,104,1,SATISFIED,0.04,408526830.0,1
mop-max,bom_deep_7_3_15_5_No1_p80_ao104_am15_1_m17_ao104_am16_2,104,1,SATISFIED,0.04,164856780.0,1
mop-max,bom_deep_7_3_15_5_No1_p80_ao104_am15_1_m17_ao104_am16_5,104,1,UNSATISFIED,0.0393,-1.0,1
mop-max,bom_deep_7_3_15_5_No1_p80_ao104_am15_1_m17_ao104_am17_3,104,1,SATISFIED,0.04,252536640.0,1
mop-max,bom_deep_7_3_15_5_No1_p80_ao104_am15_1_m17_ao104_am17_4,104,1,SATISFIED,0.0403,326703000.0,1
mop-max,bom_deep_7_3_15_5_No1_p80_ao104_am15_1_m45_ao104_am43_3,104,1,UNSATISFIED,0.0392,-1.0,1
mop-max,bom_deep_7_3_15_5_No1_p80_ao104_am15_1_m45_ao104_am45_1,104,1,UNSATISFIED,0.0389,-1.0,1
mop-max,bom_deep_7_3_15_5_No1_p80_ao104_am15_1_m45_ao104_am45_2,104,1,SATISFIED,0.0404,363668370.0,1
mop-max,bom_deep_7_3_15_5_No1_p80_ao104_am15_1_m45_ao104_am45_4,104,1,UNSATISFIED,0.0392,-1.0,1
mop-max,bom_deep_7_3_15_5_No1_p80_ao104_am15_1_m45_ao104_am45_5,104,1,UNSATISFIED,0.0396,-1.0,1
mop-max,bom_deep_7_3_15_5_No1_p80_ao104_am15_2,104,1,UNSATISFIED,0.0405,-1.0,1
mop-max,bom_deep_7_3_15_5_No1_p80_ao104_am15_2_m17_ao104_am15_1,104,1,SATISFIED,0.04,360764910.0,1
mop-max,bom_deep_7_3_15_5_No1_p80_ao104_am15_2_m17_ao104_am16_3,104,1,SATISFIED,0.0401,510791175.0,1
mop-max,bom_deep_7_3_15_5_No1_p80_ao104_am15_2_m17_ao104_am17_2,104,1,UNSATISFIED,0.0393,-1.0,1
mop-max,bom_deep_7_3_15_5_No1_p80_ao104_am15_2_m17_ao104_am17_4,104,1,UNSATISFIED,0.0398,-1.0,1
mop-max,bom_deep_7_3_15_5_No1_p80_ao104_am15_2_m17_ao104_am17_5,104,1,SATISFIED,0.0402,486882810.0,1
mop-max,bom_deep_7_3_15_5_No1_p80_ao104_am15_2_m45_ao104_am44_4,104,1,SATISFIED,0.041,173507388.0,1
mop-max,bom_deep_7_3_15_5_No1_p80_ao104_am15_2_m45_ao104_am45_1,104,1,SATISFIED,0.0405,318803172.0,1
mop-max,bom_deep_7_3_15_5_No1_p80_ao104_am15_2_m45_ao104_am45_2,104,1,SATISFIED,0.0404,227698716.0,1
mop-max,bom_deep_7_3_15_5_No1_p80_ao104_am15_2_m45_ao104_am45_3,104,1,SATISFIED,0.0408,192166749.0,1
mop-max,bom_deep_7_3_15_5_No1_p80_ao104_am15_2_m45_ao104_am45_5,104,1,SATISFIED,0.0407,570453786.0,1
mop-max,bom_deep_7_3_15_5_No1_p80_ao104_am15_3,104,1,UNSATISFIED,0.0401,-1.0,1
mop-max,bom_deep_7_3_15_5_No1_p80_ao104_am15_3_m17_ao104_am16_2,104,1,SATISFIED,0.0411,415334160.0,1
mop-max,bom_deep_7_3_15_5_No1_p80_ao104_am15_3_m17_ao104_am16_5,104,1,SATISFIED,0.0409,350597700.0,1
mop-max,bom_deep_7_3_15_5_No1_p80_ao104_am15_3_m17_ao104_am17_1,104,1,SATISFIED,0.041,637752870.0,1
mop-max,bom_deep_7_3_15_5_No1_p80_ao104_am15_3_m17_ao104_am17_3,104,1,UNSATISFIED,0.0394,-1.0,1
mop-max,bom_deep_7_3_15_5_No1_p80_ao104_am15_3_m17_ao104_am17_4,104,1,SATISFIED,0.0409,340859250.0,1
mop-max,bom_deep_7_3_15_5_No1_p80_ao104_am15_3_m45_ao104_am44_2,104,1,UNSATISFIED,0.0395,-1.0,1
mop-max,bom_deep_7_3_15_5_No1_p80_ao104_am15_3_m45_ao104_am44_3,104,1,SATISFIED,0.0416,690053136.0,1
mop-max,bom_deep_7_3_15_5_No1_p80_ao104_am15_3_m45_ao104_am45_1,104,1,SATISFIED,0.0413,686231808.0,1
mop-max,bom_deep_7_3_15_5_No1_p80_ao104_am15_3_m45_ao104_am45_4,104,1,SATISFIED,0.0417,1106182404.0,1
mop-max,bom_deep_7_3_15_5_No1_p80_ao104_am15_3_m45_ao104_am45_5,104,1,SATISFIED,0.0417,1282658238.0,1
mop-max,bom_deep_7_3_15_5_No1_p80_ao104_am15_4,104,1,SATISFIED,0.04,204841980.0,1
mop-max,bom_deep_7_3_15_5_No1_p80_ao104_am15_4_m17_ao104_am17_1,104,1,SATISFIED,0.0394,373079700.0,1
mop-max,bom_deep_7_3_15_5_No1_p80_ao104_am15_4_m17_ao104_am17_2,104,1,SATISFIED,0.0396,192831732.0,1
mop-max,bom_deep_7_3_15_5_No1_p80_ao104_am15_4_m17_ao104_am17_3,104,1,SATISFIED,0.0398,743467860.0,1
mop-max,bom_deep_7_3_15_5_No1_p80_ao104_am15_4_m17_ao104_am17_4,104,1,UNSATISFIED,0.0393,-1.0,1
mop-max,bom_deep_7_3_15_5_No1_p80_ao104_am15_4_m17_ao104_am17_5,104,1,SATISFIED,0.0399,132101745.0,1
mop-max,bom_deep_7_3_15_5_No1_p80_ao104_am15_4_m45_ao104_am45_1,104,1,SATISFIED,0.041,898734714.0,1
mop-max,bom_deep_7_3_15_5_No1_p80_ao104_am15_4_m45_ao104_am45_2,104,1,SATISFIED,0.04,922100175.0,1
mop-max,bom_deep_7_3_15_5_No1_p80_ao104_am15_4_m45_ao104_am45_3,104,1,SATISFIED,0.0403,232776360.0,1
mop-max,bom_deep_7_3_15_5_No1_p80_ao104_am15_4_m45_ao104_am45_4,104,1,SATISFIED,0.0402,687262482.0,1
mop-max,bom_deep_7_3_15_5_No1_p80_ao104_am15_4_m45_ao104_am45_5,104,1,SATISFIED,0.0399,1142609625.0,1
mop-max,bom_deep_7_3_15_5_No1_p80_ao104_am15_5,104,1,SATISFIED,0.0397,104223060.0,1
mop-max,bom_deep_7_3_15_5_No1_p80_ao104_am15_5_m17_ao104_am17_1,104,1,SATISFIED,0.0391,299499030.0,1
mop-max,bom_deep_7_3_15_5_No1_p80_ao104_am15_5_m17_ao104_am17_2,104,1,SATISFIED,0.0388,459430245.0,1
mop-max,bom_deep_7_3_15_5_No1_p80_ao104_am15_5_m17_ao104_am17_3,104,1,SATISFIED,0.0389,145603215.0,1
mop-max,bom_deep_7_3_15_5_No1_p80_ao104_am15_5_m17_ao104_am17_4,104,1,UNSATISFIED,0.0376,-1.0,1
mop-max,bom_deep_7_3_15_5_No1_p80_ao104_am15_5_m17_ao104_am17_5,104,1,SATISFIED,0.0393,287902530.0,1
mop-max,bom_deep_7_3_15_5_No1_p80_ao104_am15_5_m45_ao104_am44_1,104,1,SATISFIED,0.0393,299959440.0,1
mop-max,bom_deep_7_3_15_5_No1_p80_ao104_am15_5_m45_ao104_am44_3,104,1,SATISFIED,0.0396,165497700.0,1
mop-max,bom_deep_7_3_15_5_No1_p80_ao104_am15_5_m45_ao104_am45_2,104,1,SATISFIED,0.0394,397200915.0,1
mop-max,bom_deep_7_3_15_5_No1_p80_ao104_am15_5_m45_ao104_am45_4,104,1,SATISFIED,0.0397,246268530.0,1
mop-max,bom_deep_7_3_15_5_No1_p80_ao104_am15_5_m45_ao104_am45_5,104,1,UNSATISFIED,0.0373,-1.0,1
fop-b,bom_deep_7_3_15_5_No1_p70_ao98_am15_1,98,1,SATISFIED,0.0327,172954860.0,1
fop-b,bom_deep_7_3_15_5_No1_p70_ao98_am15_1_m12_ao98_am12_1,98,1,SATISFIED,0.0328,198292638.0,1
fop-b,bom_deep_7_3_15_5_No1_p70_ao98_am15_1_m12_ao98_am12_2,98,1,SATISFIED,0.1315,154848772.0,1
fop-b,bom_deep_7_3_15_5_No1_p70_ao98_am15_1_m12_ao98_am12_3,98,1,SATISFIED,0.0327,206877567.0,1
fop-b,bom_deep_7_3_15_5_No1_p70_ao98_am15_1_m12_ao98_am12_4,98,1,SATISFIED,0.0325,144524216.0,1
fop-b,bom_deep_7_3_15_5_No1_p70_ao98_am15_1_m12_ao98_am12_5,98,1,SATISFIED,0.0325,174052860.0,1
fop-b,bom_deep_7_3_15_5_No1_p70_ao98_am15_1_m25_ao98_am25_1,98,1,SATISFIED,0.0329,138427656.0,1
fop-b,bom_deep_7_3_15_5_No1_p70_ao98_am15_1_m25_ao98_am25_2,98,1,SATISFIED,0.0327,185794395.0,1
fop-b,bom_deep_7_3_15_5_No1_p70_ao98_am15_1_m25_ao98_am25_3,98,1,SATISFIED,0.0327,151446600.0,1
fop-b,bom_deep_7_3_15_5_No1_p70_ao98_am15_1_m25_ao98_am25_4,98,1,SATISFIED,0.0326,105877668.0,1
fop-b,bom_deep_7_3_15_5_No1_p70_ao98_am15_1_m25_ao98_am25_5,98,1,SATISFIED,0.0328,222481335.0,1
fop-b,bom_deep_7_3_15_5_No1_p70_ao98_am15_2,98,1,UNSATISFIED,0.0323,-1.0,1
fop-b,bom_deep_7_3_15_5_No1_p70_ao98_am15_2_m12_ao98_am12_1,98,1,UNSATISFIED,0.032,-1.0,1
fop-b,bom_deep_7_3_15_5_No1_p70_ao98_am15_2_m12_ao98_am12_2,98,1,SATISFIED,0.0337,183448275.0,1
fop-b,bom_deep_7_3_15_5_No1_p70_ao98_am15_2_m12_ao98_am12_3,98,1,SATISFIED,0.0333,157491185.0,1
fop-b,bom_deep_7_3_15_5_No1_p70_ao98_am15_2_m12_ao98_am12_4,98,1,SATISFIED,0.0335,245948896.0,1
fop-b,bom_deep_7_3_15_5_No1_p70_ao98_am15_2_m12_ao98_am12_5,98,1,SATISFIED,0.0332,162227452.0,1
fop-b,bom_deep_7_3_15_5_No1_p70_ao98_am15_2_m25_ao98_am24_1,98,1,SATISFIED,0.0337,253910166.0,1
fop-b,bom_deep_7_3_15_5_No1_p70_ao98_am15_2_m25_ao98_am25_2,98,1,SATISFIED,0.0334,316358676.0,1
fop-b,bom_deep_7_3_15_5_No1_p70_ao98_am15_2_m25_ao98_am25_3,98,1,SATISFIED,0.0335,180809140.0,1
fop-b,bom_deep_7_3_15_5_No1_p70_ao98_am15_2_m25_ao98_am25_4,98,1,SATISFIED,0.1317,218307210.0,1
fop-b,bom_deep_7_3_15_5_No1_p70_ao98_am15_2_m25_ao98_am25_5,98,1,SATISFIED,0.0337,121049460.0,1
fop-b,bom_deep_7_3_15_5_No1_p70_ao98_am15_3,98,1,SATISFIED,0.0321,431193930.0,1
fop-b,bom_deep_7_3_15_5_No1_p70_ao98_am15_3_m12_ao98_am12_1,98,1,SATISFIED,0.032,464321400.0,1
fop-b,bom_deep_7_3_15_5_No1_p70_ao98_am15_3_m12_ao98_am12_2,98,1,UNSATISFIED,0.0304,-1.0,1
fop-b,bom_deep_7_3_15_5_No1_p70_ao98_am15_3_m12_ao98_am12_3,98,1,SATISFIED,0.0597,330975634.0,1
fop-b,bom_deep_7_3_15_5_No1_p70_ao98_am15_3_m12_ao98_am12_4,98,1,SATISFIED,0.0587,600076413.0,1
fop-b,bom_deep_7_3_15_5_No1_p70_ao98_am15_3_m12_ao98_am12_5,98,1,SATISFIED,0.0592,593871540.0,1
fop-b,bom_deep_7_3_15_5_No1_p70_ao98_am15_3_m25_ao98_am23_3,98,1,SATISFIED,0.0602,378871215.0,1
fop-b,bom_deep_7_3_15_5_No1_p70_ao98_am15_3_m25_ao98_am25_1,98,1,SATISFIED,0.061,389749254.0,1
fop-b,bom_deep_7_3_15_5_No1_p70_ao98_am15_3_m25_ao98_am25_2,98,1,SATISFIED,0.0609,340838135.0,1
fop-b,bom_deep_7_3_15_5_No1_p70_ao98_am15_3_m25_ao98_am25_4,98,1,SATISFIED,0.0631,530697705.0,1
fop-b,bom_deep_7_3_15_5_No1_p70_ao98_am15_3_m25_ao98_am25_5,98,1,SATISFIED,0.0619,173701440.0,1
fop-b,bom_deep_7_3_15_5_No1_p70_ao98_am15_4,98,1,SATISFIED,0.062,246357585.0,1
fop-b,bom_deep_7_3_15_5_No1_p70_ao98_am15_4_m12_ao98_am12_1,98,1,SATISFIED,0.0624,290745330.0,1
fop-b,bom_deep_7_3_15_5_No1_p70_ao98_am15_4_m12_ao98_am12_2,98,1,UNSATISFIED,0.0612,-1.0,1
fop-b,bom_deep_7_3_15_5_No1_p70_ao98_am15_4_m12_ao98_am12_3,98,1,UNSATISFIED,0.0604,-1.0,1
fop-b,bom_deep_7_3_15_5_No1_p70_ao98_am15_4_m12_ao98_am12_4,98,1,UNSATISFIED,0.06,-1.0,1
fop-b,bom_deep_7_3_15_5_No1_p70_ao98_am15_4_m12_ao98_am12_5,98,1,SATISFIED,0.0615,291159792.0,1
fop-b,bom_deep_7_3_15_5_No1_p70_ao98_am15_4_m25_ao98_am25_1,98,1,SATISFIED,0.0621,259664496.0,1
fop-b,bom_deep_7_3_15_5_No1_p70_ao98_am15_4_m25_ao98_am25_2,98,1,SATISFIED,0.0617,264111036.0,1
fop-b,bom_deep_7_3_15_5_No1_p70_ao98_am15_4_m25_ao98_am25_3,98,1,SATISFIED,0.0608,352763301.0,1
fop-b,bom_deep_7_3_15_5_No1_p70_ao98_am15_4_m25_ao98_am25_4,98,1,SATISFIED,0.059,366829803.0,1
fop-b,bom_deep_7_3_15_5_No1_p70_ao98_am15_4_m25_ao98_am25_5,98,1,SATISFIED,0.0558,196729425.0,1
fop-b,bom_deep_7_3_15_5_No1_p70_ao98_am15_5,98,1,UNSATISFIED,0.0471,-1.0,1
fop-b,bom_deep_7_3_15_5_No1_p70_ao98_am15_5_m12_ao98_am12_1,98,1,SATISFIED,0.0472,522641490.0,1
fop-b,bom_deep_7_3_15_5_No1_p70_ao98_am15_5_m12_ao98_am12_2,98,1,UNSATISFIED,0.0437,-1.0,1
fop-b,bom_deep_7_3_15_5_No1_p70_ao98_am15_5_m12_ao98_am12_3,98,1,SATISFIED,0.0421,212288925.0,1
fop-b,bom_deep_7_3_15_5_No1_p70_ao98_am15_5_m12_ao98_am12_4,98,1,SATISFIED,0.0403,683329770.0,1
fop-b,bom_deep_7_3_15_5_No1_p70_ao98_am15_5_m12_ao98_am12_5,98,1,SATISFIED,0.0379,616348374.0,1
fop-b,bom_deep_7_3_15_5_No1_p70_ao98_am15_5_m25_ao98_am25_1,98,1,SATISFIED,0.0364,446625216.0,1
fop-b,bom_deep_7_3_15_5_No1_p70_ao98_am15_5_m25_ao98_am25_2,98,1,SATISFIED,0.0347,165966150.0,1
fop-b,bom_deep_7_3_15_5_No1_p70_ao98_am15_5_m25_ao98_am25_3,98,1,SATISFIED,0.0334,119412639.0,1
fop-b,bom_deep_7_3_15_5_No1_p70_ao98_am15_5_m25_ao98_am25_4,98,1,SATISFIED,0.0317,204262556.0,1
fop-b,bom_deep_7_3_15_5_No1_p70_ao98_am15_5_m25_ao98_am25_5,98,1,SATISFIED,0.0314,558107314.0,1
fop-b,bom_deep_7_3_15_5_No1_p80_ao104_am15_1,104,1,SATISFIED,0.0365,408300360.0,1
fop-b,bom_deep_7_3_15_5_No1_p80_ao104_am15_1_m17_ao104_am16_1,104,1,SATISFIED,0.1276,389946510.0,1
fop-b,bom_deep_7_3_15_5_No1_p80_ao104_am15_1_m17_ao104_am16_2,104,1,SATISFIED,0.0359,176434080.0,1
fop-b,bom_deep_7_3_15_5_No1_p80_ao104_am15_1_m17_ao104_am16_5,104,1,UNSATISFIED,0.036,-1.0,1
fop-b,bom_deep_7_3_15_5_No1_p80_ao104_am15_1_m17_ao104_am17_3,104,1,SATISFIED,0.0359,220862100.0,1
fop-b,bom_deep_7_3_15_5_No1_p80_ao104_am15_1_m17_ao104_am17_4,104,1,SATISFIED,0.0397,212907750.0,1
fop-b,bom_deep_7_3_15_5_No1_p80_ao104_am15_1_m45_ao104_am43_3,104,1,SATISFIED,0.0373,445264165.0,1
fop-b,bom_deep_7_3_15_5_No1_p80_ao104_am15_1_m45_ao104_am45_1,104,1,SATISFIED,0.0373,375860934.0,1
fop-b,bom_deep_7_3_15_5_No1_p80_ao104_am15_1_m45_ao104_am45_2,104,1,SATISFIED,0.0378,231916365.0,1
fop-b,bom_deep_7_3_15_5_No1_p80_ao104_am15_1_m45_ao104_am45_4,104,1,SATISFIED,0.0374,267536877.0,1
fop-b,bom_deep_7_3_15_5_No1_p80_ao104_am15_1_m45_ao104_am45_5,104,1,SATISFIED,0.0374,300892515.0,1
fop-b,bom_deep_7_3_15_5_No1_p80_ao104_am15_2,104,1,SATISFIED,0.0624,329650200.0,1
fop-b,bom_deep_7_3_15_5_No1_p80_ao104_am15_2_m17_ao104_am15_1,104,1,SATISFIED,0.0724,340427910.0,1
fop-b,bom_deep_7_3_15_5_No1_p80_ao104_am15_2_m17_ao104_am16_3,104,1,UNSATISFIED,0.0701,-1.0,1
fop-b,bom_deep_7_3_15_5_No1_p80_ao104_am15_2_m17_ao104_am17_2,104,1,SATISFIED,0.0717,329712720.0,1
fop-b,bom_deep_7_3_15_5_No1_p80_ao104_am15_2_m17_ao104_am17_4,104,1,SATISFIED,0.0717,383672730.0,1
fop-b,bom_deep_7_3_15_5_No1_p80_ao104_am15_2_m17_ao104_am17_5,104,1,SATISFIED,0.0717,441987795.0,1
fop-b,bom_deep_7_3_15_5_No1_p80_ao104_am15_2_m45_ao104_am44_4,104,1,SATISFIED,0.0753,68583796.0,1
fop-b,bom_deep_7_3_15_5_No1_p80_ao104_am15_2_m45_ao104_am45_1,104,1,SATISFIED,0.0753,201076494.0,1
fop-b,bom_deep_7_3_15_5_No1_p80_ao104_am15_2_m45_ao104_am45_2,104,1,SATISFIED,0.0743,111312924.0,1
fop-b,bom_deep_7_3_15_5_No1_p80_ao104_am15_2_m45_ao104_am45_3,104,1,SATISFIED,0.0744,68603220.0,1
fop-b,bom_deep_7_3_15_5_No1_p80_ao104_am15_2_m45_ao104_am45_5,104,1,SATISFIED,0.0749,179643045.0,1
fop-b,bom_deep_7_3_15_5_No1_p80_ao104_am15_3,104,1,SATISFIED,0.07,464208615.0,1
fop-b,bom_deep_7_3_15_5_No1_p80_ao104_am15_3_m17_ao104_am16_2,104,1,SATISFIED,0.0657,336254520.0,1
fop-b,bom_deep_7_3_15_5_No1_p80_ao104_am15_3_m17_ao104_am16_5,104,1,SATISFIED,0.0611,269057100.0,1
fop-b,bom_deep_7_3_15_5_No1_p80_ao104_am15_3_m17_ao104_am17_1,104,1,SATISFIED,0.0581,579254010.0,1
fop-b,bom_deep_7_3_15_5_No1_p80_ao104_am15_3_m17_ao104_am17_3,104,1,SATISFIED,0.0542,957685815.0,1
fop-b,bom_deep_7_3_15_5_No1_p80_ao104_am15_3_m17_ao104_am17_4,104,1,SATISFIED,0.0514,223659225.0,1
fop-b,bom_deep_7_3_15_5_No1_p80_ao104_am15_3_m45_ao104_am44_2,104,1,SATISFIED,0.0496,412468457.0,1
fop-b,bom_deep_7_3_15_5_No1_p80_ao104_am15_3_m45_ao104_am44_3,104,1,SATISFIED,0.0465,322434240.0,1
fop-b,bom_deep_7_3_15_5_No1_p80_ao104_am15_3_m45_ao104_am45_1,104,1,SATISFIED,0.0449,436559958.0,1
fop-b,bom_deep_7_3_15_5_No1_p80_ao104_am15_3_m45_ao104_am45_4,104,1,SATISFIED,0.0415,553085088.0,1
fop-b,bom_deep_7_3_15_5_No1_p80_ao104_am15_3_m45_ao104_am45_5,104,1,SATISFIED,0.0401,613706709.0,1
fop-b,bom_deep_7_3_15_5_No1_p80_ao104_am15_4,104,1,UNSATISFIED,0.0357,-1.0,1
fop-b,bom_deep_7_3_15_5_No1_p80_ao104_am15_4_m17_ao104_am17_1,104,1,UNSATISFIED,0.035,-1.0,1
fop-b,bom_deep_7_3_15_5_No1_p80_ao104_am15_4_m17_ao104_am17_2,104,1,SATISFIED,0.0372,161551362.0,1
fop-b,bom_deep_7_3_15_5_No1_p80_ao104_am15_4_m17_ao104_am17_3,104,1,SATISFIED,0.0362,469946376.0,1
fop-b,bom_deep_7_3_15_5_No1_p80_ao104_am15_4_m17_ao104_am17_4,104,1,SATISFIED,0.0365,592782630.0,1
fop-b,bom_deep_7_3_15_5_No1_p80_ao104_am15_4_m17_ao104_am17_5,104,1,SATISFIED,0.0366,94862850.0,1
fop-b,bom_deep_7_3_15_5_No1_p80_ao104_am15_4_m45_ao104_am45_1,104,1,SATISFIED,0.0383,312807432.0,1
fop-b,bom_deep_7_3_15_5_No1_p80_ao104_am15_4_m45_ao104_am45_2,104,1,SATISFIED,0.0379,290748320.0,1
fop-b,bom_deep_7_3_15_5_No1_p80_ao104_am15_4_m45_ao104_am45_3,104,1,SATISFIED,0.0378,108802785.0,1
fop-b,bom_deep_7_3_15_5_No1_p80_ao104_am15_4_m45_ao104_am45_4,104,1,SATISFIED,0.0387,298650288.0,1
fop-b,bom_deep_7_3_15_5_No1_p80_ao104_am15_4_m45_ao104_am45_5,104,1,SATISFIED,0.0378,579965895.0,1
fop-b,bom_deep_7_3_15_5_No1_p80_ao104_am15_5,104,1,SATISFIED,0.0373,99372288.0,1
fop-b,bom_deep_7_3_15_5_No1_p80_ao104_am15_5_m17_ao104_am17_1,104,1,SATISFIED,0.0374,263546880.0,1
fop-b,bom_deep_7_3_15_5_No1_p80_ao104_am15_5_m17_ao104_am17_2,104,1,UNSATISFIED,0.0365,-1.0,1
fop-b,bom_deep_7_3_15_5_No1_p80_ao104_am15_5_m17_ao104_am17_3,104,1,SATISFIED,0.0368,122811300.0,1
fop-b,bom_deep_7_3_15_5_No1_p80_ao104_am15_5_m17_ao104_am17_4,104,1,UNSATISFIED,0.0361,-1.0,1
fop-b,bom_deep_7_3_15_5_No1_p80_ao104_am15_5_m17_ao104_am17_5,104,1,UNSATISFIED,0.0363,-1.0,1
fop-b,bom_deep_7_3_15_5_No1_p80_ao104_am15_5_m45_ao104_am44_1,104,1,SATISFIED,0.0386,147975606.0,1
fop-b,bom_deep_7_3_15_5_No1_p80_ao104_am15_5_m45_ao104_am44_3,104,1,SATISFIED,0.0383,125268008.0,1
fop-b,bom_deep_7_3_15_5_No1_p80_ao104_am15_5_m45_ao104_am45_2,104,1,SATISFIED,0.0381,297378201.0,1
fop-b,bom_deep_7_3_15_5_No1_p80_ao104_am15_5_m45_ao104_am45_4,104,1,SATISFIED,0.0381,169918916.0,1
fop-b,bom_deep_7_3_15_5_No1_p80_ao104_am15_5_m45_ao104_am45_5,104,1,SATISFIED,0.0385,166319550.0,1
fop-min,bom_deep_7_3_15_5_No1_p70_ao98_am15_1,98,1,SATISFIED,0.0329,168969150.0,1
fop-min,bom_deep_7_3_15_5_No1_p70_ao98_am15_1_m12_ao98_am12_1,98,1,SATISFIED,0.0323,229688130.0,1
fop-min,bom_deep_7_3_15_5_No1_p70_ao98_am15_1_m12_ao98_am12_2,98,1,SATISFIED,0.0334,173114164.0,1
fop-min,bom_deep_7_3_15_5_No1_p70_ao98_am15_1_m12_ao98_am12_3,98,1,SATISFIED,0.0325,217277967.0,1
fop-min,bom_deep_7_3_15_5_No1_p70_ao98_am15_1_m12_ao98_am12_4,98,1,SATISFIED,0.0321,159986300.0,1
fop-min,bom_deep_7_3_15_5_No1_p70_ao98_am15_1_m12_ao98_am12_5,98,1,UNSATISFIED,0.0321,-1.0,1
fop-min,bom_deep_7_3_15_5_No1_p70_ao98_am15_1_m25_ao98_am25_1,98,1,SATISFIED,0.0323,144400470.0,1
fop-min,bom_deep_7_3_15_5_No1_p70_ao98_am15_1_m25_ao98_am25_2,98,1,SATISFIED,0.0325,137729355.0,1
fop-min,bom_deep_7_3_15_5_No1_p70_ao98_am15_1_m25_ao98_am25_3,98,1,SATISFIED,0.0325,164034000.0,1
fop-min,bom_deep_7_3_15_5_No1_p70_ao98_am15_1_m25_ao98_am25_4,98,1,SATISFIED,0.061,112350888.0,1
fop-min,bom_deep_7_3_15_5_No1_p70_ao98_am15_1_m25_ao98_am25_5,98,1,SATISFIED,0.061,272666460.0,1
fop-min,bom_deep_7_3_15_5_No1_p70_ao98_am15_2,98,1,UNSATISFIED,0.06,-1.0,1
fop-min,bom_deep_7_3_15_5_No1_p70_ao98_am15_2_m12_ao98_am12_1,98,1,UNSATISFIED,0.0594,-1.0,1
fop-min,bom_deep_7_3_15_5_No1_p70_ao98_am15_2_m12_ao98_am12_2,98,1,SATISFIED,0.0618,213492192.0,1
fop-min,bom_deep_7_3_15_5_No1_p70_ao98_am15_2_m12_ao98_am12_3,98,1,SATISFIED,0.0625,157542251.0,1
fop-min,bom_deep_7_3_15_5_No1_p70_ao98_am15_2_m12_ao98_am12_4,98,1,SATISFIED,0.0617,275282044.0,1
fop-min,bom_deep_7_3_15_5_No1_p70_ao98_am15_2_m12_ao98_am12_5,98,1,SATISFIED,0.0617,173413717.0,1
fop-min,bom_deep_7_3_15_5_No1_p70_ao98_am15_2_m25_ao98_am24_1,98,1,SATISFIED,0.0619,233048616.0,1
fop-min,bom_deep_7_3_15_5_No1_p70_ao98_am15_2_m25_ao98_am25_2,98,1,SATISFIED,0.0616,288032046.0,1
fop-min,bom_deep_7_3_15_5_No1_p70_ao98_am15_2_m25_ao98_am25_3,98,1,SATISFIED,0.0614,186366220.0,1
fop-min,bom_deep_7_3_15_5_No1_p70_ao98_am15_2_m25_ao98_am25_4,98,1,SATISFIED,0.0614,259950810.0,1
fop-min,bom_deep_7_3_15_5_No1_p70_ao98_am15_2_m25_ao98_am25_5,98,1,SATISFIED,0.0617,121931520.0,1
fop-min,bom_deep_7_3_15_5_No1_p70_ao98_am15_3,98,1,UNSATISFIED,0.0564,-1.0,1
fop-min,bom_deep_7_3_15_5_No1_p70_ao98_am15_3_m12_ao98_am12_1,98,1,UNSATISFIED,0.0542,-1.0,1
fop-min,bom_deep_7_3_15_5_No1_p70_ao98_am15_3_m12_ao98_am12_2,98,1,UNSATISFIED,0.0509,-1.0,1
fop-min,bom_deep_7_3_15_5_No1_p70_ao98_am15_3_m12_ao98_am12_3,98,1,SATISFIED,0.0501,298527184.0,1
fop-min,bom_deep_7_3_15_5_No1_p70_ao98_am15_3_m12_ao98_am12_4,98,1,UNSATISFIED,0.046,-1.0,1
fop-min,bom_deep_7_3_15_5_No1_p70_ao98_am15_3_m12_ao98_am12_5,98,1,SATISFIED,0.0449,560415837.0,1
fop-min,bom_deep_7_3_15_5_No1_p70_ao98_am15_3_m25_ao98_am23_3,98,1,SATISFIED,0.0427,376917000.0,1
fop-min,bom_deep_7_3_15_5_No1_p70_ao98_am15_3_m25_ao98_am25_1,98,1,SATISFIED,0.0387,569852418.0,1
fop-min,bom_deep_7_3_15_5_No1_p70_ao98_am15_3_m25_ao98_am25_2,98,1,SATISFIED,0.0365,315925010.0,1
fop-min,bom_deep_7_3_15_5_No1_p70_ao98_am15_3_m25_ao98_am25_4,98,1,SATISFIED,0.0349,512598825.0,1
fop-min,bom_deep_7_3_15_5_No1_p70_ao98_am15_3_m25_ao98_am25_5,98,1,SATISFIED,0.0337,302232000.0,1
fop-min,bom_deep_7_3_15_5_No1_p70_ao98_am15_4,98,1,SATISFIED,0.0333,246357585.0,1
fop-min,bom_deep_7_3_15_5_No1_p70_ao98_am15_4_m12_ao98_am12_1,98,1,SATISFIED,0.0329,334043538.0,1
fop-min,bom_deep_7_3_15_5_No1_p70_ao98_am15_4_m12_ao98_am12_2,98,1,SATISFIED,0.0329,237934560.0,1
fop-min,bom_deep_7_3_15_5_No1_p70_ao98_am15_4_m12_ao98_am12_3,98,1,UNSATISFIED,0.0319,-1.0,1
fop-min,bom_deep_7_3_15_5_No1_p70_ao98_am15_4_m12_ao98_am12_4,98,1,UNSATISFIED,0.0327,-1.0,1
fop-min,bom_deep_7_3_15_5_No1_p70_ao98_am15_4_m12_ao98_am12_5,98,1,SATISFIED,0.0331,356997225.0,1
fop-min,bom_deep_7_3_15_5_No1_p70_ao98_am15_4_m25_ao98_am25_1,98,1,SATISFIED,0.0329,276895770.0,1
fop-min,bom_deep_7_3_15_5_No1_p70_ao98_am15_4_m25_ao98_am25_2,98,1,UNSATISFIED,0.0324,-1.0,1
fop-min,bom_deep_7_3_15_5_No1_p70_ao98_am15_4_m25_ao98_am25_3,98,1,SATISFIED,0.0332,410914140.0,1
fop-min,bom_deep_7_3_15_5_No1_p70_ao98_am15_4_m25_ao98_am25_4,98,1,SATISFIED,0.0331,366829803.0,1
fop-min,bom_deep_7_3_15_5_No1_p70_ao98_am15_4_m25_ao98_am25_5,98,1,SATISFIED,0.0331,210122070.0,1
fop-min,bom_deep_7_3_15_5_No1_p70_ao98_am15_5,98,1,UNSATISFIED,0.0303,-1.0,1
fop-min,bom_deep_7_3_15_5_No1_p70_ao98_am15_5_m12_ao98_am12_1,98,1,SATISFIED,0.0313,466458378.0,1
fop-min,bom_deep_7_3_15_5_No1_p70_ao98_am15_5_m12_ao98_am12_2,98,1,UNSATISFIED,0.1215,-1.0,1
fop-min,bom_deep_7_3_15_5_No1_p70_ao98_am15_5_m12_ao98_am12_3,98,1,SATISFIED,0.0312,462877146.0,1
fop-min,bom_deep_7_3_15_5_No1_p70_ao98_am15_5_m12_ao98_am12_4,98,1,SATISFIED,0.0318,734507895.0,1
fop-min,bom_deep_7_3_15_5_No1_p70_ao98_am15_5_m12_ao98_am12_5,98,1,SATISFIED,0.0318,574941939.0,1
fop-min,bom_deep_7_3_15_5_No1_p70_ao98_am15_5_m25_ao98_am25_1,98,1,SATISFIED,0.0312,428231166.0,1
fop-min,bom_deep_7_3_15_5_No1_p70_ao98_am15_5_m25_ao98_am25_2,98,1,SATISFIED,0.0316,164207010.0,1
fop-min,bom_deep_7_3_15_5_No1_p70_ao98_am15_5_m25_ao98_am25_3,98,1,SATISFIED,0.0314,128911242.0,1
fop-min,bom_deep_7_3_15_5_No1_p70_ao98_am15_5_m25_ao98_am25_4,98,1,SATISFIED,0.0314,247722596.0,1
fop-min,bom_deep_7_3_15_5_No1_p70_ao98_am15_5_m25_ao98_am25_5,98,1,SATISFIED,0.032,628259884.0,1
fop-min,bom_deep_7_3_15_5_No1_p80_ao104_am15_1,104,1,SATISFIED,0.0373,390058260.0,1
fop-min,bom_deep_7_3_15_5_No1_p80_ao104_am15_1_m17_ao104_am16_1,104,1,SATISFIED,0.0367,413549610.0,1
fop-min,bom_deep_7_3_15_5_No1_p80_ao104_am15_1_m17_ao104_am16_2,104,1,SATISFIED,0.0365,168191868.0,1
fop-min,bom_deep_7_3_15_5_No1_p80_ao104_am15_1_m17_ao104_am16_5,104,1,UNSATISFIED,0.0364,-1.0,1
fop-min,bom_deep_7_3_15_5_No1_p80_ao104_am15_1_m17_ao104_am17_3,104,1,SATISFIED,0.0368,219467760.0,1
fop-min,bom_deep_7_3_15_5_No1_p80_ao104_am15_1_m17_ao104_am17_4,104,1,SATISFIED,0.0368,364818000.0,1
fop-min,bom_deep_7_3_15_5_No1_p80_ao104_am15_1_m45_ao104_am43_3,104,1,SATISFIED,0.0376,454487065.0,1
fop-min,bom_deep_7_3_15_5_No1_p80_ao104_am15_1_m45_ao104_am45_1,104,1,SATISFIED,0.0371,361360890.0,1
fop-min,bom_deep_7_3_15_5_No1_p80_ao104_am15_1_m45_ao104_am45_2,104,1,SATISFIED,0.0374,297916830.0,1
fop-min,bom_deep_7_3_15_5_No1_p80_ao104_am15_1_m45_ao104_am45_4,104,1,SATISFIED,0.0371,273359262.0,1
fop-min,bom_deep_7_3_15_5_No1_p80_ao104_am15_1_m45_ao104_am45_5,104,1,SATISFIED,0.037,284468955.0,1
fop-min,bom_deep_7_3_15_5_No1_p80_ao104_am15_2,104,1,SATISFIED,0.0398,323818200.0,1
fop-min,bom_deep_7_3_15_5_No1_p80_ao104_am15_2_m17_ao104_am15_1,104,1,SATISFIED,0.0391,340427910.0,1
fop-min,bom_deep_7_3_15_5_No1_p80_ao104_am15_2_m17_ao104_am16_3,104,1,SATISFIED,0.0395,490607295.0,1
fop-min,bom_deep_7_3_15_5_No1_p80_ao104_am15_2_m17_ao104_am17_2,104,1,SATISFIED,0.0393,340247340.0,1
fop-min,bom_deep_7_3_15_5_No1_p80_ao104_am15_2_m17_ao104_am17_4,104,1,SATISFIED,0.0391,331168620.0,1
fop-min,bom_deep_7_3_15_5_No1_p80_ao104_am15_2_m17_ao104_am17_5,104,1,SATISFIED,0.0394,433568670.0,1
fop-min,bom_deep_7_3_15_5_No1_p80_ao104_am15_2_m45_ao104_am44_4,104,1,SATISFIED,0.0396,68583796.0,1
fop-min,bom_deep_7_3_15_5_No1_p80_ao104_am15_2_m45_ao104_am45_1,104,1,SATISFIED,0.0396,196938486.0,1
fop-min,bom_deep_7_3_15_5_No1_p80_ao104_am15_2_m45_ao104_am45_2,104,1,SATISFIED,0.0397,112116540.0,1
fop-min,bom_deep_7_3_15_5_No1_p80_ao104_am15_2_m45_ao104_am45_3,104,1,SATISFIED,0.04,68887284.0,1
fop-min,bom_deep_7_3_15_5_No1_p80_ao104_am15_2_m45_ao104_am45_5,104,1,SATISFIED,0.04,185782419.0,1
fop-min,bom_deep_7_3_15_5_No1_p80_ao104_am15_3,104,1,SATISFIED,0.0399,463927380.0,1
fop-min,bom_deep_7_3_15_5_No1_p80_ao104_am15_3_m17_ao104_am16_2,104,1,SATISFIED,0.0388,326526300.0,1
fop-min,bom_deep_7_3_15_5_No1_p80_ao104_am15_3_m17_ao104_am16_5,104,1,SATISFIED,0.1285,276760200.0,1
fop-min,bom_deep_7_3_15_5_No1_p80_ao104_am15_3_m17_ao104_am17_1,104,1,SATISFIED,0.0387,579254010.0,1
fop-min,bom_deep_7_3_15_5_No1_p80_ao104_am15_3_m17_ao104_am17_3,104,1,SATISFIED,0.0388,946825497.0,1
fop-min,bom_deep_7_3_15_5_No1_p80_ao104_am15_3_m17_ao104_am17_4,104,1,SATISFIED,0.0387,229702725.0,1
fop-min,bom_deep_7_3_15_5_No1_p80_ao104_am15_3_m45_ao104_am44_2,104,1,SATISFIED,0.0391,398140382.0,1
fop-min,bom_deep_7_3_15_5_No1_p80_ao104_am15_3_m45_ao104_am44_3,104,1,SATISFIED,0.0391,327103470.0,1
fop-min,bom_deep_7_3_15_5_No1_p80_ao104_am15_3_m45_ao104_am45_1,104,1,SATISFIED,0.0393,486001476.0,1
fop-min,bom_deep_7_3_15_5_No1_p80_ao104_am15_3_m45_ao104_am45_4,104,1,SATISFIED,0.0395,566501328.0,1
fop-min,bom_deep_7_3_15_5_No1_p80_ao104_am15_3_m45_ao104_am45_5,104,1,SATISFIED,0.0397,623872230.0,1
fop-min,bom_deep_7_3_15_5_No1_p80_ao104_am15_4,104,1,UNSATISFIED,0.0368,-1.0,1
fop-min,bom_deep_7_3_15_5_No1_p80_ao104_am15_4_m17_ao104_am17_1,104,1,SATISFIED,0.0371,354045318.0,1
fop-min,bom_deep_7_3_15_5_No1_p80_ao104_am15_4_m17_ao104_am17_2,104,1,SATISFIED,0.037,160553655.0,1
fop-min,bom_deep_7_3_15_5_No1_p80_ao104_am15_4_m17_ao104_am17_3,104,1,SATISFIED,0.037,481630446.0,1
fop-min,bom_deep_7_3_15_5_No1_p80_ao104_am15_4_m17_ao104_am17_4,104,1,SATISFIED,0.0371,592782630.0,1
fop-min,bom_deep_7_3_15_5_No1_p80_ao104_am15_4_m17_ao104_am17_5,104,1,SATISFIED,0.0372,123342375.0,1
fop-min,bom_deep_7_3_15_5_No1_p80_ao104_am15_4_m45_ao104_am45_1,104,1,SATISFIED,0.0378,328882476.0,1
fop-min,bom_deep_7_3_15_5_No1_p80_ao104_am15_4_m45_ao104_am45_2,104,1,SATISFIED,0.1285,290079050.0,1
fop-min,bom_deep_7_3_15_5_No1_p80_ao104_am15_4_m45_ao104_am45_3,104,1,SATISFIED,0.0374,102290709.0,1
fop-min,bom_deep_7_3_15_5_No1_p80_ao104_am15_4_m45_ao104_am45_4,104,1,SATISFIED,0.0376,325390938.0,1
fop-min,bom_deep_7_3_15_5_No1_p80_ao104_am15_4_m45_ao104_am45_5,104,1,SATISFIED,0.0376,589830810.0,1
fop-min,bom_deep_7_3_15_5_No1_p80_ao104_am15_5,104,1,SATISFIED,0.0384,96059844.0,1
fop-min,bom_deep_7_3_15_5_No1_p80_ao104_am15_5_m17_ao104_am17_1,104,1,UNSATISFIED,0.0366,-1.0,1
fop-min,bom_deep_7_3_15_5_No1_p80_ao104_am15_5_m17_ao104_am17_2,104,1,SATISFIED,0.0372,399474870.0,1
fop-min,bom_deep_7_3_15_5_No1_p80_ao104_am15_5_m17_ao104_am17_3,104,1,UNSATISFIED,0.0366,-1.0,1
fop-min,bom_deep_7_3_15_5_No1_p80_ao104_am15_5_m17_ao104_am17_4,104,1,UNSATISFIED,0.0368,-1.0,1
fop-min,bom_deep_7_3_15_5_No1_p80_ao104_am15_5_m17_ao104_am17_5,104,1,UNSATISFIED,0.037,-1.0,1
fop-min,bom_deep_7_3_15_5_No1_p80_ao104_am15_5_m45_ao104_am44_1,104,1,SATISFIED,0.0381,151235736.0,1
fop-min,bom_deep_7_3_15_5_No1_p80_ao104_am15_5_m45_ao104_am44_3,104,1,SATISFIED,0.0378,73025600.0,1
fop-min,bom_deep_7_3_15_5_No1_p80_ao104_am15_5_m45_ao104_am45_2,104,1,SATISFIED,0.0379,323829492.0,1
fop-min,bom_deep_7_3_15_5_No1_p80_ao104_am15_5_m45_ao104_am45_4,104,1,SATISFIED,0.0378,197571566.0,1
fop-min,bom_deep_7_3_15_5_No1_p80_ao104_am15_5_m45_ao104_am45_5,104,1,SATISFIED,0.0384,270017730.0,1
fop-max,bom_deep_7_3_15_5_No1_p70_ao98_am15_1,98,1,UNSATISFIED,0.0326,-1.0,1
fop-max,bom_deep_7_3_15_5_No1_p70_ao98_am15_1_m12_ao98_am12_1,98,1,UNSATISFIED,0.0319,-1.0,1
fop-max,bom_deep_7_3_15_5_No1_p70_ao98_am15_1_m12_ao98_am12_2,98,1,UNSATISFIED,0.0318,-1.0,1
fop-max,bom_deep_7_3_15_5_No1_p70_ao98_am15_1_m12_ao98_am12_3,98,1,UNSATISFIED,0.0309,-1.0,1
fop-max,bom_deep_7_3_15_5_No1_p70_ao98_am15_1_m12_ao98_am12_4,98,1,UNSATISFIED,0.0317,-1.0,1
fop-max,bom_deep_7_3_15_5_No1_p70_ao98_am15_1_m12_ao98_am12_5,98,1,UNSATISFIED,0.0308,-1.0,1
fop-max,bom_deep_7_3_15_5_No1_p70_ao98_am15_1_m25_ao98_am25_1,98,1,UNSATISFIED,0.0313,-1.0,1
fop-max,bom_deep_7_3_15_5_No1_p70_ao98_am15_1_m25_ao98_am25_2,98,1,UNSATISFIED,0.0314,-1.0,1
fop-max,bom_deep_7_3_15_5_No1_p70_ao98_am15_1_m25_ao98_am25_3,98,1,UNSATISFIED,0.0323,-1.0,1
fop-max,bom_deep_7_3_15_5_No1_p70_ao98_am15_1_m25_ao98_am25_4,98,1,UNSATISFIED,0.0322,-1.0,1
fop-max,bom_deep_7_3_15_5_No1_p70_ao98_am15_1_m25_ao98_am25_5,98,1,UNSATISFIED,0.0309,-1.0,1
fop-max,bom_deep_7_3_15_5_No1_p70_ao98_am15_2,98,1,UNSATISFIED,0.0324,-1.0,1
fop-max,bom_deep_7_3_15_5_No1_p70_ao98_am15_2_m12_ao98_am12_1,98,1,UNSATISFIED,0.0314,-1.0,1
fop-max,bom_deep_7_3_15_5_No1_p70_ao98_am15_2_m12_ao98_am12_2,98,1,UNSATISFIED,0.0315,-1.0,1
fop-max,bom_deep_7_3_15_5_No1_p70_ao98_am15_2_m12_ao98_am12_3,98,1,UNSATISFIED,0.0324,-1.0,1
fop-max,bom_deep_7_3_15_5_No1_p70_ao98_am15_2_m12_ao98_am12_4,98,1,UNSATISFIED,0.0329,-1.0,1
fop-max,bom_deep_7_3_15_5_No1_p70_ao98_am15_2_m12_ao98_am12_5,98,1,UNSATISFIED,0.0323,-1.0,1
fop-max,bom_deep_7_3_15_5_No1_p70_ao98_am15_2_m25_ao98_am24_1,98,1,UNSATISFIED,0.0331,-1.0,1
fop-max,bom_deep_7_3_15_5_No1_p70_ao98_am15_2_m25_ao98_am25_2,98,1,UNSATISFIED,0.0335,-1.0,1
fop-max,bom_deep_7_3_15_5_No1_p70_ao98_am15_2_m25_ao98_am25_3,98,1,UNSATISFIED,0.0321,-1.0,1
fop-max,bom_deep_7_3_15_5_No1_p70_ao98_am15_2_m25_ao98_am25_4,98,1,UNSATISFIED,0.0322,-1.0,1
fop-max,bom_deep_7_3_15_5_No1_p70_ao98_am15_2_m25_ao98_am25_5,98,1,UNSATISFIED,0.0327,-1.0,1
fop-max,bom_deep_7_3_15_5_No1_p70_ao98_am15_3,98,1,UNSATISFIED,0.0308,-1.0,1
fop-max,bom_deep_7_3_15_5_No1_p70_ao98_am15_3_m12_ao98_am12_1,98,1,UNSATISFIED,0.0304,-1.0,1
fop-max,bom_deep_7_3_15_5_No1_p70_ao98_am15_3_m12_ao98_am12_2,98,1,UNSATISFIED,0.0302,-1.0,1
fop-max,bom_deep_7_3_15_5_No1_p70_ao98_am15_3_m12_ao98_am12_3,98,1,SATISFIED,0.0317,393625212.0,1
fop-max,bom_deep_7_3_15_5_No1_p70_ao98_am15_3_m12_ao98_am12_4,98,1,UNSATISFIED,0.0308,-1.0,1
fop-max,bom_deep_7_3_15_5_No1_p70_ao98_am15_3_m12_ao98_am12_5,98,1,UNSATISFIED,0.0302,-1.0,1
fop-max,bom_deep_7_3_15_5_No1_p70_ao98_am15_3_m25_ao98_am23_3,98,1,UNSATISFIED,0.0306,-1.0,1
fop-max,bom_deep_7_3_15_5_No1_p70_ao98_am15_3_m25_ao98_am25_1,98,1,UNSATISFIED,0.0304,-1.0,1
fop-max,bom_deep_7_3_15_5_No1_p70_ao98_am15_3_m25_ao98_am25_2,98,1,UNSATISFIED,0.031,-1.0,1
fop-max,bom_deep_7_3_15_5_No1_p70_ao98_am15_3_m25_ao98_am25_4,98,1,UNSATISFIED,0.0307,-1.0,1
fop-max,bom_deep_7_3_15_5_No1_p70_ao98_am15_3_m25_ao98_am25_5,98,1,SATISFIED,0.0322,388322682.0,1
fop-max,bom_deep_7_3_15_5_No1_p70_ao98_am15_4,98,1,UNSATISFIED,0.0184,-1.0,1
fop-max,bom_deep_7_3_15_5_No1_p70_ao98_am15_4_m12_ao98_am12_1,98,1,UNSATISFIED,0.0183,-1.0,1
fop-max,bom_deep_7_3_15_5_No1_p70_ao98_am15_4_m12_ao98_am12_2,98,1,UNSATISFIED,0.0186,-1.0,1
fop-max,bom_deep_7_3_15_5_No1_p70_ao98_am15_4_m12_ao98_am12_3,98,1,UNSATISFIED,0.0183,-1.0,1
fop-max,bom_deep_7_3_15_5_No1_p70_ao98_am15_4_m12_ao98_am12_4,98,1,UNSATISFIED,0.0185,-1.0,1
fop-max,bom_deep_7_3_15_5_No1_p70_ao98_am15_4_m12_ao98_am12_5,98,1,UNSATISFIED,0.0321,-1.0,1
fop-max,bom_deep_7_3_15_5_No1_p70_ao98_am15_4_m25_ao98_am25_1,98,1,UNSATISFIED,0.0321,-1.0,1
fop-max,bom_deep_7_3_15_5_No1_p70_ao98_am15_4_m25_ao98_am25_2,98,1,SATISFIED,0.0336,327010896.0,1
fop-max,bom_deep_7_3_15_5_No1_p70_ao98_am15_4_m25_ao98_am25_3,98,1,SATISFIED,0.0333,602540127.0,1
fop-max,bom_deep_7_3_15_5_No1_p70_ao98_am15_4_m25_ao98_am25_4,98,1,UNSATISFIED,0.0185,-1.0,1
fop-max,bom_deep_7_3_15_5_No1_p70_ao98_am15_4_m25_ao98_am25_5,98,1,UNSATISFIED,0.0185,-1.0,1
fop-max,bom_deep_7_3_15_5_No1_p70_ao98_am15_5,98,1,UNSATISFIED,0.03,-1.0,1
fop-max,bom_deep_7_3_15_5_No1_p70_ao98_am15_5_m12_ao98_am12_1,98,1,SATISFIED,0.0312,760189170.0,1
fop-max,bom_deep_7_3_15_5_No1_p70_ao98_am15_5_m12_ao98_am12_2,98,1,UNSATISFIED,0.0309,-1.0,1
fop-max,bom_deep_7_3_15_5_No1_p70_ao98_am15_5_m12_ao98_am12_3,98,1,SATISFIED,0.0313,306649359.0,1
fop-max,bom_deep_7_3_15_5_No1_p70_ao98_am15_5_m12_ao98_am12_4,98,1,UNSATISFIED,0.0311,-1.0,1
fop-max,bom_deep_7_3_15_5_No1_p70_ao98_am15_5_m12_ao98_am12_5,98,1,UNSATISFIED,0.0301,-1.0,1
fop-max,bom_deep_7_3_15_5_No1_p70_ao98_am15_5_m25_ao98_am25_1,98,1,SATISFIED,0.0316,638782500.0,1
fop-max,bom_deep_7_3_15_5_No1_p70_ao98_am15_5_m25_ao98_am25_2,98,1,SATISFIED,0.0313,326246250.0,1
fop-max,bom_deep_7_3_15_5_No1_p70_ao98_am15_5_m25_ao98_am25_3,98,1,SATISFIED,0.0314,248129019.0,1
fop-max,bom_deep_7_3_15_5_No1_p70_ao98_am15_5_m25_ao98_am25_4,98,1,SATISFIED,0.0316,639200820.0,1
fop-max,bom_deep_7_3_15_5_No1_p70_ao98_am15_5_m25_ao98_am25_5,98,1,UNSATISFIED,0.0309,-1.0,1
fop-max,bom_deep_7_3_15_5_No1_p80_ao104_am15_1,104,1,UNSATISFIED,0.037,-1.0,1
fop-max,bom_deep_7_3_15_5_No1_p80_ao104_am15_1_m17_ao104_am16_1,104,1,SATISFIED,0.0372,394838220.0,1
fop-max,bom_deep_7_3_15_5_No1_p80_ao104_am15_1_m17_ao104_am16_2,104,1,SATISFIED,0.0368,236038620.0,1
fop-max,bom_deep_7_3_15_5_No1_p80_ao104_am15_1_m17_ao104_am16_5,104,1,UNSATISFIED,0.0357,-1.0,1
fop-max,bom_deep_7_3_15_5_No1_p80_ao104_am15_1_m17_ao104_am17_3,104,1,SATISFIED,0.0365,267870264.0,1
fop-max,bom_deep_7_3_15_5_No1_p80_ao104_am15_1_m17_ao104_am17_4,104,1,SATISFIED,0.0372,327692850.0,1
fop-max,bom_deep_7_3_15_5_No1_p80_ao104_am15_1_m45_ao104_am43_3,104,1,UNSATISFIED,0.0357,-1.0,1
fop-max,bom_deep_7_3_15_5_No1_p80_ao104_am15_1_m45_ao104_am45_1,104,1,UNSATISFIED,0.0364,-1.0,1
fop-max,bom_deep_7_3_15_5_No1_p80_ao104_am15_1_m45_ao104_am45_2,104,1,SATISFIED,0.0368,400440220.0,1
fop-max,bom_deep_7_3_15_5_No1_p80_ao104_am15_1_m45_ao104_am45_4,104,1,UNSATISFIED,0.0368,-1.0,1
fop-max,bom_deep_7_3_15_5_No1_p80_ao104_am15_1_m45_ao104_am45_5,104,1,UNSATISFIED,0.0356,-1.0,1
fop-max,bom_deep_7_3_15_5_No1_p80_ao104_am15_2,104,1,UNSATISFIED,0.0388,-1.0,1
fop-max,bom_deep_7_3_15_5_No1_p80_ao104_am15_2_m17_ao104_am15_1,104,1,UNSATISFIED,0.0381,-1.0,1
fop-max,bom_deep_7_3_15_5_No1_p80_ao104_am15_2_m17_ao104_am16_3,104,1,UNSATISFIED,0.0382,-1.0,1
fop-max,bom_deep_7_3_15_5_No1_p80_ao104_am15_2_m17_ao104_am17_2,104,1,UNSATISFIED,0.0378,-1.0,1
fop-max,bom_deep_7_3_15_5_No1_p80_ao104_am15_2_m17_ao104_am17_4,104,1,UNSATISFIED,0.0384,-1.0,1
fop-max,bom_deep_7_3_15_5_No1_p80_ao104_am15_2_m17_ao104_am17_5,104,1,UNSATISFIED,0.0381,-1.0,1
fop-max,bom_deep_7_3_15_5_No1_p80_ao104_am15_2_m45_ao104_am44_4,104,1,SATISFIED,0.0397,240888768.0,1
fop-max,bom_deep_7_3_15_5_No1_p80_ao104_am15_2_m45_ao104_am45_1,104,1,SATISFIED,0.0397,329112522.0,1
fop-max,bom_deep_7_3_15_5_No1_p80_ao104_am15_2_m45_ao104_am45_2,104,1,SATISFIED,0.0396,229853148.0,1
fop-max,bom_deep_7_3_15_5_No1_p80_ao104_am15_2_m45_ao104_am45_3,104,1,SATISFIED,0.0399,230216319.0,1
fop-max,bom_deep_7_3_15_5_No1_p80_ao104_am15_2_m45_ao104_am45_5,104,1,UNSATISFIED,0.0388,-1.0,1
fop-max,bom_deep_7_3_15_5_No1_p80_ao104_am15_3,104,1,UNSATISFIED,0.0388,-1.0,1
fop-max,bom_deep_7_3_15_5_No1_p80_ao104_am15_3_m17_ao104_am16_2,104,1,SATISFIED,0.0386,419290488.0,1
fop-max,bom_deep_7_3_15_5_No1_p80_ao104_am15_3_m17_ao104_am16_5,104,1,SATISFIED,0.0385,428003160.0,1
fop-max,bom_deep_7_3_15_5_No1_p80_ao104_am15_3_m17_ao104_am17_1,104,1,UNSATISFIED,0.0384,-1.0,1
fop-max,bom_deep_7_3_15_5_No1_p80_ao104_am15_3_m17_ao104_am17_3,104,1,UNSATISFIED,0.0383,-1.0,1
fop-max,bom_deep_7_3_15_5_No1_p80_ao104_am15_3_m17_ao104_am17_4,104,1,SATISFIED,0.039,355729725.0,1
fop-max,bom_deep_7_3_15_5_No1_p80_ao104_am15_3_m45_ao104_am44_2,104,1,UNSATISFIED,0.0386,-1.0,1
fop-max,bom_deep_7_3_15_5_No1_p80_ao104_am15_3_m45_ao104_am44_3,104,1,UNSATISFIED,0.0388,-1.0,1
fop-max,bom_deep_7_3_15_5_No1_p80_ao104_am15_3_m45_ao104_am45_1,104,1,UNSATISFIED,0.0391,-1.0,1
fop-max,bom_deep_7_3_15_5_No1_p80_ao104_am15_3_m45_ao104_am45_4,104,1,UNSATISFIED,0.0387,-1.0,1
fop-max,bom_deep_7_3_15_5_No1_p80_ao104_am15_3_m45_ao104_am45_5,104,1,UNSATISFIED,0.039,-1.0,1
fop-max,bom_deep_7_3_15_5_No1_p80_ao104_am15_4,104,1,UNSATISFIED,0.0364,-1.0,1
fop-max,bom_deep_7_3_15_5_No1_p80_ao104_am15_4_m17_ao104_am17_1,104,1,UNSATISFIED,0.0356,-1.0,1
fop-max,bom_deep_7_3_15_5_No1_p80_ao104_am15_4_m17_ao104_am17_2,104,1,UNSATISFIED,0.0357,-1.0,1
fop-max,bom_deep_7_3_15_5_No1_p80_ao104_am15_4_m17_ao104_am17_3,104,1,UNSATISFIED,0.0356,-1.0,1
fop-max,bom_deep_7_3_15_5_No1_p80_ao104_am15_4_m17_ao104_am17_4,104,1,UNSATISFIED,0.0359,-1.0,1
fop-max,bom_deep_7_3_15_5_No1_p80_ao104_am15_4_m17_ao104_am17_5,104,1,SATISFIED,0.0371,194273907.0,1
fop-max,bom_deep_7_3_15_5_No1_p80_ao104_am15_4_m45_ao104_am45_1,104,1,UNSATISFIED,0.0364,-1.0,1
fop-max,bom_deep_7_3_15_5_No1_p80_ao104_am15_4_m45_ao104_am45_2,104,1,UNSATISFIED,0.0362,-1.0,1
fop-max,bom_deep_7_3_15_5_No1_p80_ao104_am15_4_m45_ao104_am45_3,104,1,SATISFIED,0.0377,232776360.0,1
fop-max,bom_deep_7_3_15_5_No1_p80_ao104_am15_4_m45_ao104_am45_4,104,1,UNSATISFIED,0.0365,-1.0,1
fop-max,bom_deep_7_3_15_5_No1_p80_ao104_am15_4_m45_ao104_am45_5,104,1,UNSATISFIED,0.0361,-1.0,1
fop-max,bom_deep_7_3_15_5_No1_p80_ao104_am15_5,104,1,UNSATISFIED,0.0375,-1.0,1
fop-max,bom_deep_7_3_15_5_No1_p80_ao104_am15_5_m17_ao104_am17_1,104,1,UNSATISFIED,0.0366,-1.0,1
fop-max,bom_deep_7_3_15_5_No1_p80_ao104_am15_5_m17_ao104_am17_2,104,1,UNSATISFIED,0.0365,-1.0,1
fop-max,bom_deep_7_3_15_5_No1_p80_ao104_am15_5_m17_ao104_am17_3,104,1,UNSATISFIED,0.0369,-1.0,1
fop-max,bom_deep_7_3_15_5_No1_p80_ao104_am15_5_m17_ao104_am17_4,104,1,UNSATISFIED,0.0369,-1.0,1
fop-max,bom_deep_7_3_15_5_No1_p80_ao104_am15_5_m17_ao104_am17_5,104,1,UNSATISFIED,0.035,-1.0,1
fop-max,bom_deep_7_3_15_5_No1_p80_ao104_am15_5_m45_ao104_am44_1,104,1,UNSATISFIED,0.0373,-1.0,1
fop-max,bom_deep_7_3_15_5_No1_p80_ao104_am15_5_m45_ao104_am44_3,104,1,UNSATISFIED,0.0374,-1.0,1
fop-max,bom_deep_7_3_15_5_No1_p80_ao104_am15_5_m45_ao104_am45_2,104,1,UNSATISFIED,0.0376,-1.0,1
fop-max,bom_deep_7_3_15_5_No1_p80_ao104_am15_5_m45_ao104_am45_4,104,1,UNSATISFIED,0.0355,-1.0,1
fop-max,bom_deep_7_3_15_5_No1_p80_ao104_am15_5_m45_ao104_am45_5,104,1,UNSATISFIED,0.0374,-1.0,1
